10 48
24 1 0 0 0 0 0 0 0 0 0 0 0 0 0 0 0 0 0 0 0 1 0 272 3.610294117647059 1.5966464076405467 1995 0 0 0 1 1 1 0 0 0 0 0 0 0 0 0 0 0 0 0 452.0 3.8783185840707963 0.9268696986778688
24 1 0 0 0 0 0 0 0 0 0 0 0 0 0 0 0 0 0 0 0 1 0 272 3.610294117647059 1.5966464076405467 1995 0 1 1 0 0 0 0 0 0 0 0 0 0 0 0 0 1 0 0 131.0 3.2061068702290076 0.9628009175833634
24 1 0 0 0 0 0 0 0 0 0 0 0 0 0 0 0 0 0 0 0 1 0 272 3.610294117647059 1.5966464076405467 1995 0 0 0 0 0 0 0 0 0 0 0 0 0 0 0 0 1 0 0 90.0 3.033333333333333 1.2060035010083692
24 1 0 0 0 0 0 0 0 0 0 0 0 0 0 0 0 0 0 0 0 1 0 272 3.610294117647059 1.5966464076405467 1995 0 1 0 0 0 1 0 0 1 0 0 0 0 0 0 0 0 0 0 209.0 3.550239234449761 0.9627574235717318
24 1 0 0 0 0 0 0 0 0 0 0 0 0 0 0 0 0 0 0 0 1 0 272 3.610294117647059 1.5966464076405467 1995 0 0 0 0 0 0 1 0 1 0 0 0 0 0 0 0 1 0 0 86.0 3.302325581395349 0.9409268987973912
24 1 0 0 0 0 0 0 0 0 0 0 0 0 0 0 0 0 0 0 0 1 0 272 3.610294117647059 1.5966464076405467 1995 0 0 0 0 0 0 0 0 1 0 0 0 0 0 0 0 0 0 0 26.0 3.576923076923077 1.2762046171566968
24 1 0 0 0 0 0 0 0 0 0 0 0 0 0 0 0 0 0 0 0 1 0 272 3.610294117647059 1.5966464076405467 1995 0 0 0 0 0 0 0 0 1 0 0 0 0 0 0 1 0 0 0 392.0 3.798469387755102 0.9807835809883648
24 1 0 0 0 0 0 0 0 0 0 0 0 0 0 0 0 0 0 0 0 1 0 272 3.610294117647059 1.5966464076405467 1995 0 0 0 0 1 1 0 0 1 0 0 0 0 0 0 0 0 0 0 219.0 3.9954337899543377 0.999989574808568
24 1 0 0 0 0 0 0 0 0 0 0 0 0 0 0 0 0 0 0 0 1 0 272 3.610294117647059 1.5966464076405467 1995 0 0 0 0 0 0 0 0 1 0 0 0 0 0 0 0 0 0 0 299.0 3.8963210702341136 1.0406229694142028
24 1 0 0 0 0 0 0 0 0 0 0 0 0 0 0 0 0 0 0 0 1 0 272 3.610294117647059 1.5966464076405467 1996 0 0 0 0 0 0 0 0 1 0 0 0 0 0 0 0 0 1 0 89.0 3.831460674157303 1.0082352482775077