24;1;0;0;0;0;0;0;0;0;0;0;0;0;0;0;0;0;0;0;0;1;0;272;3.610294117647059;1.5966464076405467;
53;2;0;0;0;0;0;0;0;0;0;0;0;0;0;1;0;0;0;0;0;0;0;62;3.7096774193548385;1.0618720253833946;
23;1;0;0;0;0;0;0;0;0;0;0;0;0;0;0;0;0;0;0;0;0;1;54;2.7962962962962963;1.4860237596086656;
24;1;0;0;0;0;0;0;0;0;0;0;0;0;0;0;0;0;0;0;0;1;0;24;4.333333333333333;0.8405797101449276;
33;2;0;0;0;0;0;0;0;0;0;0;0;0;0;1;0;0;0;0;0;0;0;175;2.874285714285714;1.8576683087027916;
42;1;0;0;0;0;0;0;1;0;0;0;0;0;0;0;0;0;0;0;0;0;0;211;3.6350710900473935;1.0804784473030902;
57;1;1;0;0;0;0;0;0;0;0;0;0;0;0;0;0;0;0;0;0;0;0;403;3.965260545905707;1.1331185264743313;
36;1;1;0;0;0;0;0;0;0;0;0;0;0;0;0;0;0;0;0;0;0;0;59;3.7966101694915255;1.5441262419637636;
29;1;0;0;0;0;0;0;0;0;0;0;0;0;0;0;0;0;0;0;1;0;0;22;4.2727272727272725;0.8744588744588745;
53;1;0;0;0;0;0;0;0;0;0;1;0;0;0;0;0;0;0;0;0;0;0;184;4.206521739130435;0.3396293656450465;
39;2;0;0;0;0;0;0;0;0;0;0;0;0;0;1;0;0;0;0;0;0;0;181;3.4640883977900554;0.8723143032535311;
28;2;0;0;0;0;0;0;0;0;0;0;0;0;0;1;0;0;0;0;0;0;0;51;4.392156862745098;0.6031372549019616;
47;1;0;0;0;1;0;0;0;0;0;0;0;0;0;0;0;0;0;0;0;0;0;636;3.09748427672956;2.0062298816421578;
45;1;0;0;0;0;0;0;0;0;0;0;0;0;0;0;0;0;0;1;0;0;0;98;4.091836734693878;1.0739532926572684;
49;2;0;0;0;1;0;0;0;0;0;0;0;0;0;0;0;0;0;0;0;0;0;104;2.875;1.799757281553398;
21;1;0;0;0;0;0;1;0;0;0;0;0;0;0;0;0;0;0;0;0;0;0;140;4.328571428571428;1.0855087358684492;
30;1;0;0;0;0;0;0;0;0;0;0;0;0;0;0;1;0;0;0;0;0;0;28;3.0357142857142856;1.2949735449735453;
35;2;0;0;0;0;0;0;0;0;0;0;0;0;0;1;0;0;0;0;0;0;0;277;3.88086642599278;0.7212630147020337;
40;1;0;0;0;0;0;0;0;0;0;0;1;0;0;0;0;0;0;0;0;0;0;20;3.55;0.6815789473684213;
42;2;0;0;0;0;0;0;0;0;1;0;0;0;0;0;0;0;0;0;0;0;0;48;3.1041666666666665;1.3293439716312059;
26;1;0;0;0;0;0;0;0;0;0;0;0;0;0;0;0;0;0;0;0;0;1;179;2.670391061452514;1.7615341158747146;
25;1;0;0;0;0;0;0;0;0;0;0;0;0;0;0;0;0;0;0;0;0;1;128;3.3515625;2.229761318897638;
30;2;0;1;0;0;0;0;0;0;0;0;0;0;0;0;0;0;0;0;0;0;0;151;3.6357615894039736;0.9131125827814566;
21;2;0;1;0;0;0;0;0;0;0;0;0;0;0;0;0;0;0;0;0;0;0;68;4.323529411764706;0.6698858647936786;
39;1;0;0;0;0;1;0;0;0;0;0;0;0;0;0;0;0;0;0;0;0;0;78;4.051282051282051;0.3869463869463867;
49;1;0;0;0;0;1;0;0;0;0;0;0;0;0;0;0;0;0;0;0;0;0;107;2.94392523364486;0.7326750132251812;
40;2;0;0;0;0;0;0;0;0;0;0;1;0;0;0;0;0;0;0;0;0;0;25;3.24;0.7733333333333338;
32;1;0;0;0;0;0;0;0;0;0;0;0;0;0;0;0;0;0;0;0;0;1;79;3.721518987341772;0.9214540733528082;
41;1;0;0;0;0;0;0;0;0;0;0;0;0;0;0;1;0;0;0;0;0;0;34;3.6470588235294117;0.7807486631016044;
7;1;0;0;0;0;0;0;0;0;0;0;0;0;0;0;0;0;0;0;1;0;0;43;3.7674418604651163;0.9922480620155036;
24;1;0;1;0;0;0;0;0;0;0;0;0;0;0;0;0;0;0;0;0;0;0;36;3.9166666666666665;0.9357142857142855;
28;2;0;0;0;0;0;0;0;0;0;0;0;0;0;0;0;0;0;0;1;0;0;41;3.317073170731707;0.8219512195121952;
23;1;0;0;0;0;0;0;0;0;0;0;0;0;0;0;0;0;0;0;1;0;0;24;3.7083333333333335;0.3025362318840581;
38;2;1;0;0;0;0;0;0;0;0;0;0;0;0;0;0;0;0;0;0;0;0;20;4.05;1.9447368421052638;
20;2;0;0;0;0;0;0;0;0;1;0;0;0;0;0;0;0;0;0;0;0;0;25;3.0;0.9166666666666666;
19;2;0;0;0;0;0;0;0;0;0;0;0;0;0;0;0;0;0;0;1;0;0;20;3.8;1.6421052631578952;
23;1;0;0;0;0;0;0;0;0;0;0;0;0;0;0;0;0;0;0;1;0;0;57;3.6491228070175437;0.9818295739348366;
28;2;0;0;0;0;0;0;0;0;0;0;0;0;0;1;0;0;0;0;0;0;0;121;3.71900826446281;2.5537190082644594;
41;1;0;0;0;0;0;1;0;0;0;0;0;0;0;0;0;0;0;0;0;0;0;22;3.772727272727273;0.850649350649351;
38;1;0;0;0;0;0;0;0;0;0;0;0;0;0;0;0;0;0;1;0;0;0;35;2.8857142857142857;0.9277310924369748;
33;1;0;0;0;0;1;0;0;0;0;0;0;0;0;0;0;0;0;0;0;0;0;52;3.769230769230769;0.6515837104072397;
30;1;1;0;0;0;0;0;0;0;0;0;0;0;0;0;0;0;0;0;0;0;0;183;3.726775956284153;1.1337296583198222;
29;2;0;0;0;0;0;0;0;0;0;0;1;0;0;0;0;0;0;0;0;0;0;221;3.7104072398190047;1.0339366515837118;
26;1;0;0;0;0;0;0;0;0;0;0;0;0;0;0;0;0;0;0;0;1;0;151;3.6490066225165565;1.0026490066225178;
29;1;0;0;0;0;0;0;0;0;0;0;0;0;0;0;1;0;0;0;0;0;0;48;3.6041666666666665;0.8399822695035464;
27;2;0;0;0;0;0;0;0;0;0;0;0;1;0;0;0;0;0;0;0;0;0;27;4.111111111111111;0.8717948717948715;
53;1;0;0;0;0;0;0;0;0;0;0;0;1;0;0;0;0;0;0;0;0;0;25;3.64;0.8233333333333336;
45;1;1;0;0;0;0;0;0;0;0;0;0;0;0;0;0;0;0;0;0;0;0;66;3.787878787878788;1.0927738927738926;
23;2;0;0;0;0;0;0;0;0;0;0;0;0;0;0;0;0;0;0;1;0;0;215;2.683720930232558;1.57239730493371;
21;1;0;0;0;0;0;0;0;0;0;0;0;0;0;0;0;0;0;0;0;0;1;24;3.5416666666666665;1.9112318840579714;
28;1;0;0;0;1;0;0;0;0;0;0;0;0;0;0;0;0;0;0;0;0;0;23;3.5652173913043477;1.4387351778656121;
18;2;0;0;0;0;0;0;0;0;0;0;0;0;0;0;0;0;0;0;1;0;0;56;4.267857142857143;0.526948051948052;
26;1;0;0;0;0;0;0;0;0;0;0;0;0;0;0;1;0;0;0;0;0;0;28;3.8214285714285716;0.8187830687830687;
22;1;0;0;0;0;0;0;1;0;0;0;0;0;0;0;0;0;0;0;0;0;0;65;3.6923076923076925;1.3100961538461537;
37;1;0;0;0;0;0;0;0;0;0;0;0;0;0;0;1;0;0;0;0;0;0;21;3.2857142857142856;2.2142857142857144;
25;1;0;0;0;0;0;0;0;0;0;0;1;0;0;0;0;0;0;0;0;0;0;187;3.641711229946524;0.8763153355183693;
16;1;0;0;0;0;0;0;0;0;0;0;0;0;1;0;0;0;0;0;0;0;0;106;3.5;1.0523809523809524;
27;1;0;0;0;0;0;0;0;0;0;0;0;0;0;0;1;0;0;0;0;0;0;154;3.8376623376623376;1.5224938460232564;
49;1;0;0;0;1;0;0;0;0;0;0;0;0;0;0;0;0;0;0;0;0;0;382;3.9345549738219896;1.1269393027442292;
50;1;0;0;0;0;0;0;0;1;0;0;0;0;0;0;0;0;0;0;0;0;0;208;4.086538461538462;0.39827201783723576;
36;1;0;0;0;0;1;0;0;0;0;0;0;0;0;0;0;0;0;0;0;0;0;21;2.9523809523809526;1.5476190476190472;
27;2;1;0;0;0;0;0;0;0;0;0;0;0;0;0;0;0;0;0;0;0;0;232;3.3017241379310347;1.2419017763845361;
31;1;0;0;0;0;0;0;0;0;0;0;0;1;0;0;0;0;0;0;0;0;0;93;3.118279569892473;0.974988312295465;
32;1;0;0;0;1;0;0;0;0;0;0;0;0;0;0;0;0;0;0;0;0;0;200;3.585;0.9977638190954778;
51;2;0;0;0;1;0;0;0;0;0;0;0;0;0;0;0;0;0;0;0;0;0;80;3.9375;0.7935126582278481;
23;1;0;0;0;0;0;0;0;0;0;0;0;0;0;0;0;0;0;0;1;0;0;38;3.473684210526316;1.0668563300142246;
17;1;0;0;0;0;0;0;0;0;0;0;0;0;0;0;0;0;0;0;1;0;0;30;3.7666666666666666;0.8057471264367816;
19;1;0;0;0;0;0;0;0;0;0;0;0;0;0;0;0;0;0;0;1;0;0;34;3.0294117647058822;2.574866310160427;
24;1;0;0;0;0;1;0;0;0;0;0;0;0;0;0;0;0;0;0;0;0;0;65;3.8461538461538463;1.132211538461539;
27;1;0;0;0;0;1;0;0;0;0;0;0;0;0;0;0;0;0;0;0;0;0;131;3.4656488549618323;0.6661186142102168;
39;1;0;0;0;0;0;0;0;0;0;0;0;0;0;0;0;0;0;1;0;0;0;38;3.789473684210526;1.089615931721195;
48;2;1;0;0;0;0;0;0;0;0;0;0;0;0;0;0;0;0;0;0;0;0;137;3.8175182481751824;1.1061614426792599;
24;1;0;0;0;0;0;0;0;0;0;0;0;0;0;0;0;0;0;0;1;0;0;66;3.727272727272727;1.3398601398601393;
39;1;0;0;0;0;0;0;0;0;0;0;0;0;0;0;0;0;0;1;0;0;0;39;3.641025641025641;0.4993252361673414;
24;1;0;0;0;0;0;1;0;0;0;0;0;0;0;0;0;0;0;0;0;0;0;79;3.278481012658228;1.8445309964297307;
20;1;0;0;0;0;0;0;0;0;0;0;0;0;0;0;0;0;0;0;1;0;0;82;3.5609756097560976;1.2616681722372787;
30;1;0;0;0;0;0;0;0;0;0;0;0;0;0;0;0;0;0;0;0;1;0;72;3.611111111111111;1.45226917057903;
26;1;1;0;0;0;0;0;0;0;0;0;0;0;0;0;0;0;0;0;0;0;0;21;3.380952380952381;1.6476190476190478;
39;2;1;0;0;0;0;0;0;0;0;0;0;0;0;0;0;0;0;0;0;0;0;55;4.0;1.0740740740740742;
34;2;1;0;0;0;0;0;0;0;0;0;0;0;0;0;0;0;0;0;0;0;0;29;3.7586206896551726;1.0467980295566501;
21;1;0;0;0;0;0;0;0;0;0;0;0;0;0;0;0;0;0;0;1;0;0;58;3.293103448275862;1.2283726557773746;
50;1;0;0;0;0;0;0;0;0;0;0;0;0;0;0;1;0;0;0;0;0;0;168;3.0714285714285716;1.4080410607356713;
40;1;0;0;0;0;0;0;0;0;0;0;0;0;0;1;0;0;0;0;0;0;0;155;3.4193548387096775;1.2580645161290291;
32;1;0;0;0;0;0;0;1;0;0;0;0;0;0;0;0;0;0;0;0;0;0;68;3.8529411764705883;0.63476733977173;
51;1;0;0;0;1;0;0;0;0;0;0;0;0;0;0;0;0;0;0;0;0;0;288;3.5381944444444446;0.6605570073557867;
26;1;1;0;0;0;0;0;0;0;0;0;0;0;0;0;0;0;0;0;0;0;0;23;3.5217391304347827;1.3517786561264822;
47;1;1;0;0;0;0;0;0;0;0;0;0;0;0;0;0;0;0;0;0;0;0;211;3.7914691943127963;0.8610697359512534;
49;2;0;0;0;0;0;0;0;0;0;0;1;0;0;0;0;0;0;0;0;0;0;21;3.9523809523809526;1.3476190476190475;
43;2;1;0;0;0;0;0;0;0;0;0;0;0;0;0;0;0;0;0;0;0;0;76;4.0394736842105265;1.318421052631578;
60;1;0;0;0;1;0;0;0;0;0;0;0;0;0;0;0;0;0;0;0;0;0;300;4.223333333333334;0.8563099219620934;
55;1;0;0;0;0;0;0;0;0;0;0;0;1;0;0;0;0;0;0;0;0;0;98;3.8877551020408165;1.0697454239427735;
32;1;0;0;0;0;0;1;0;0;0;0;0;0;0;0;0;0;0;0;0;0;0;388;3.2448453608247423;0.9502317589706727;
48;1;0;0;0;0;0;0;1;0;0;0;0;0;0;0;0;0;0;0;0;0;0;20;3.35;1.5026315789473685;
26;1;0;0;0;0;0;0;0;0;0;0;0;0;0;0;0;0;0;0;1;0;0;400;3.6575;1.0327756892230635;
31;1;1;0;0;0;0;0;0;0;0;0;0;0;0;0;0;0;0;0;0;0;0;278;3.41726618705036;1.2693036906215072;
25;2;0;1;0;0;0;0;0;0;0;0;0;0;0;0;0;0;0;0;0;0;0;56;4.267857142857143;0.890584415584416;
43;1;0;1;0;0;0;0;0;0;0;0;0;0;0;0;0;0;0;0;0;0;0;63;4.158730158730159;1.2969790066564248;
49;2;0;0;0;0;0;0;1;0;0;0;0;0;0;0;0;0;0;0;0;0;0;27;3.5925925925925926;1.712250712250713;
20;1;0;0;0;0;0;0;0;0;0;0;0;0;0;0;0;0;0;0;1;0;0;136;3.551470588235294;1.1973311546840968;
36;1;0;0;0;0;0;0;1;0;0;0;0;0;0;0;0;0;0;0;0;0;0;59;3.0677966101694913;1.0987726475745172;
15;1;0;0;0;0;0;0;0;0;0;0;0;0;0;0;0;0;0;0;1;0;0;67;2.8955223880597014;0.7616463138851207;
38;1;0;0;0;0;0;0;0;0;0;0;0;0;0;0;1;0;0;0;0;0;0;216;2.615740740740741;0.5539836347975875;
26;1;0;0;0;0;0;0;0;0;0;0;0;0;0;0;0;0;0;0;1;0;0;29;3.6206896551724137;0.886699507389163;
27;1;0;0;0;0;0;0;0;0;0;0;0;0;0;0;0;0;0;0;1;0;0;111;2.6666666666666665;1.3333333333333328;
24;1;0;0;0;0;1;0;0;0;0;0;0;0;0;0;0;0;0;0;0;0;0;23;3.391304347826087;1.158102766798419;
61;1;0;0;0;0;0;0;0;0;0;0;0;0;0;0;0;1;0;0;0;0;0;64;3.765625;0.49975198412698413;
39;1;0;0;0;0;0;0;0;0;0;0;0;0;0;0;0;0;0;1;0;0;0;22;3.0;1.619047619047619;
44;1;0;0;0;1;0;0;0;0;0;0;0;0;0;0;0;0;0;0;0;0;0;33;3.5757575757575757;0.9393939393939394;
29;1;0;0;0;0;0;0;0;0;0;0;0;0;0;1;0;0;0;0;0;0;0;234;3.4401709401709404;1.294688382671215;
19;1;0;0;0;0;0;0;0;0;0;0;0;0;0;0;0;0;0;0;1;0;0;133;3.045112781954887;0.7403736614262936;
57;1;0;0;0;0;1;0;0;0;0;0;0;0;0;0;0;0;0;0;0;0;0;24;3.5416666666666665;0.8677536231884058;
30;1;0;0;0;0;0;0;0;0;0;0;0;0;0;0;0;0;1;0;0;0;0;46;3.6956521739130435;1.1497584541062795;
47;1;0;0;0;0;0;0;1;0;0;0;0;0;0;0;0;0;0;0;0;0;0;51;3.7254901960784315;1.2431372549019608;
27;1;0;0;0;0;0;0;0;0;0;0;0;0;0;0;1;0;0;0;0;0;0;48;3.6041666666666665;0.8399822695035464;
31;1;0;0;0;0;1;0;0;0;0;0;0;0;0;0;0;0;0;0;0;0;0;92;3.9347826086956523;1.3803153368370766;
40;1;0;0;0;0;0;0;0;1;0;0;0;0;0;0;0;0;0;0;0;0;0;143;3.006993006993007;0.9647394858662446;
20;1;0;0;0;0;0;0;0;0;0;0;0;0;0;0;0;0;0;0;1;0;0;86;3.9186046511627906;1.063885088919288;
21;1;1;0;0;0;0;0;0;0;0;0;0;0;0;0;0;0;0;0;0;0;0;71;4.661971830985915;0.5698189134808853;
32;1;0;0;0;0;0;0;0;0;0;0;0;0;0;0;1;0;0;0;0;0;0;181;3.9502762430939224;1.0252915899324755;
47;2;0;0;0;0;0;0;0;0;0;0;0;0;0;1;0;0;0;0;0;0;0;26;3.576923076923077;0.9738461538461537;
54;1;0;0;0;0;0;0;0;0;0;0;1;0;0;0;0;0;0;0;0;0;0;74;3.608108108108108;1.7758237689744534;
32;2;0;0;0;0;0;0;0;0;0;0;0;0;0;0;0;0;0;0;0;0;1;61;3.9836065573770494;0.9497267759562843;
48;2;0;1;0;0;0;0;0;0;0;0;0;0;0;0;0;0;0;0;0;0;0;54;3.8518518518518516;1.2229210342417882;
34;1;0;0;0;0;0;0;0;0;0;0;0;0;0;0;0;0;0;0;1;0;0;24;3.5;1.0434782608695652;
30;1;0;0;0;0;0;0;0;0;0;1;0;0;0;0;0;0;0;0;0;0;0;182;3.4395604395604398;1.6841721814097552;
28;2;0;0;0;0;0;0;0;0;0;1;0;0;0;0;0;0;0;0;0;0;0;45;3.533333333333333;1.3909090909090909;
33;1;0;0;0;0;0;0;0;0;0;0;0;0;1;0;0;0;0;0;0;0;0;23;4.130434782608695;2.300395256916996;
24;2;0;0;0;0;0;0;0;0;0;0;0;1;0;0;0;0;0;0;0;0;0;184;3.6630434782608696;1.0333808505583286;
36;2;0;0;0;0;0;0;0;0;0;0;0;1;0;0;0;0;0;0;0;0;0;30;2.6;1.3517241379310343;
20;1;0;0;0;0;0;0;0;0;0;0;0;0;1;0;0;0;0;0;0;0;0;353;3.9858356940509916;0.962866984290493;
59;2;1;0;0;0;0;0;0;0;0;0;0;0;0;0;0;0;0;0;0;0;0;30;4.133333333333334;1.085057471264368;
24;1;0;0;0;0;0;0;0;0;0;0;0;0;0;1;0;0;0;0;0;0;0;22;3.772727272727273;0.4696969696969696;
53;1;0;0;0;0;1;0;0;0;0;0;0;0;0;0;0;0;0;0;0;0;0;26;3.1923076923076925;1.2015384615384619;
31;1;0;0;0;0;0;0;0;0;0;0;0;0;0;0;1;0;0;0;0;0;0;25;3.64;1.1566666666666665;
23;1;0;0;0;0;0;0;0;0;0;0;0;0;0;0;0;0;0;0;1;0;0;55;3.381818181818182;0.610774410774411;
51;1;0;0;0;0;0;0;0;0;0;0;0;0;0;1;0;0;0;0;0;0;0;35;4.3428571428571425;0.5260504201680674;
50;1;0;0;0;1;0;0;0;0;0;0;0;0;0;0;0;0;0;0;0;0;0;47;4.319148936170213;1.2220166512488428;
46;1;0;0;1;0;0;0;0;0;0;0;0;0;0;0;0;0;0;0;0;0;0;51;4.2745098039215685;0.4431372549019607;
20;1;0;0;0;0;0;0;0;0;0;0;0;0;0;0;0;0;0;0;1;0;0;24;4.0;0.6956521739130435;
30;2;0;0;0;0;0;0;0;0;0;0;0;0;0;0;0;0;0;0;1;0;0;21;3.4285714285714284;0.657142857142857;
49;1;0;0;0;0;0;0;0;0;0;0;0;0;0;0;1;0;0;0;0;0;0;107;3.4299065420560746;1.7945688591077442;
13;1;0;0;0;0;0;0;0;0;0;0;0;0;0;1;0;0;0;0;0;0;0;33;3.6363636363636362;1.4261363636363638;
42;1;0;0;0;0;0;0;0;0;0;0;0;0;0;0;0;0;0;0;0;1;0;20;3.9;1.0421052631578949;
53;1;0;0;0;0;0;0;0;0;0;0;0;0;0;0;1;0;0;0;0;0;0;206;3.674757281553398;0.9034572578735504;
31;1;0;0;0;0;0;1;0;0;0;0;0;0;0;0;0;0;0;0;0;0;0;316;3.3354430379746836;1.709342977697404;
45;1;0;1;0;0;0;0;0;0;0;0;0;0;0;0;0;0;0;0;0;0;0;29;3.6206896551724137;1.4581280788177342;
40;2;0;0;0;0;0;0;0;0;0;0;1;0;0;0;0;0;0;0;0;0;0;20;4.2;0.6947368421052633;
33;1;0;0;0;0;1;0;0;0;0;0;0;0;0;0;0;0;0;0;0;0;0;65;4.0;1.625;
35;2;0;0;0;0;0;0;0;0;0;0;0;1;0;0;0;0;0;0;0;0;0;36;2.888888888888889;1.2444444444444451;
20;2;0;1;0;0;0;0;0;0;0;0;0;0;0;0;0;0;0;0;0;0;0;32;3.84375;1.0393145161290323;
38;2;1;0;0;0;0;0;0;0;0;0;0;0;0;0;0;0;0;0;0;0;0;307;3.996742671009772;1.0816887015392465;
33;2;0;0;0;1;0;0;0;0;0;0;0;0;0;0;0;0;0;0;0;0;0;106;4.320754716981132;0.981850853548965;
25;1;0;0;0;0;0;0;0;0;0;0;0;0;0;0;0;0;0;0;1;0;0;23;2.9565217391304346;2.225296442687747;
25;1;0;0;0;0;0;0;0;0;0;0;0;0;0;0;0;0;0;0;1;0;0;51;3.9607843137254903;0.7984313725490189;
32;2;0;0;0;0;0;0;0;0;0;0;0;0;0;1;0;0;0;0;0;0;0;22;2.6363636363636362;0.7186147186147187;
25;1;0;0;0;1;0;0;0;0;0;0;0;0;0;0;0;0;0;0;0;0;0;37;3.72972972972973;0.6471471471471465;
57;1;0;0;0;0;1;0;0;0;0;0;0;0;0;0;0;0;0;0;0;0;0;51;3.784313725490196;1.5325490196078428;
50;1;0;0;0;1;0;0;0;0;0;0;0;0;0;0;0;0;0;0;0;0;0;173;3.8034682080924855;1.0076623202043284;
23;2;0;0;0;0;0;0;0;0;0;0;0;0;0;0;0;0;0;0;1;0;0;107;3.4299065420560746;1.7945688591077422;
27;1;0;0;0;0;0;0;0;0;0;0;0;0;0;0;1;0;0;0;0;0;0;120;3.9166666666666665;1.018207282913165;
50;1;0;0;0;0;0;0;0;0;0;1;0;0;0;0;0;0;0;0;0;0;0;58;2.5517241379310347;1.269207501512402;
25;1;0;1;0;0;0;0;0;0;0;0;0;0;0;0;0;0;0;0;0;0;0;42;3.5952380952380953;0.5394889663182342;
49;1;1;0;0;0;0;0;0;0;0;0;0;0;0;0;0;0;0;0;0;0;0;23;3.3043478260869565;0.766798418972332;
47;1;0;0;0;0;0;0;0;1;0;0;0;0;0;0;0;0;0;0;0;0;0;63;4.126984126984127;0.9190988223246288;
20;2;0;0;0;0;0;0;0;0;0;0;0;0;0;1;0;0;0;0;0;0;0;30;4.0;0.7586206896551724;
47;1;0;0;0;1;0;0;0;0;0;0;0;0;0;0;0;0;0;0;0;0;0;20;3.55;2.05;
37;1;0;0;0;0;0;0;0;0;0;0;0;0;0;1;0;0;0;0;0;0;0;69;3.3768115942028984;2.12063086104007;
48;1;0;0;0;0;0;0;0;0;0;0;0;0;0;1;0;0;0;0;0;0;0;69;3.3333333333333335;1.960784313725489;
52;2;0;0;0;0;0;0;0;0;0;0;0;0;0;1;0;0;0;0;0;0;0;37;3.972972972972973;0.9714714714714715;
53;2;0;0;0;0;0;0;0;1;0;0;0;0;0;0;0;0;0;0;0;0;0;22;3.772727272727273;0.8506493506493507;
48;2;0;0;0;1;0;0;0;0;0;0;0;0;0;0;0;0;0;0;0;0;0;28;3.4642857142857144;0.5542328042328045;
55;1;0;0;0;0;0;0;0;0;0;0;0;1;0;0;0;0;0;0;0;0;0;27;3.185185185185185;0.7720797720797722;
56;1;0;0;0;0;0;0;0;0;0;0;0;0;0;1;0;0;0;0;0;0;0;43;4.209302325581396;0.6932447397563679;
30;2;1;0;0;0;0;0;0;0;0;0;0;0;0;0;0;0;0;0;0;0;0;177;3.5819209039548023;2.4833076527991835;
26;2;0;0;0;0;0;0;0;0;0;0;0;0;0;0;0;0;0;1;0;0;0;38;3.736842105263158;1.2802275960170693;
28;1;0;0;0;0;0;0;0;0;0;0;0;0;0;0;0;0;0;1;0;0;0;63;3.6984126984126986;1.084997439836149;
20;1;0;0;0;0;0;0;0;0;0;0;0;0;0;0;1;0;0;0;0;0;0;115;3.617391304347826;0.9751334858886348;
26;1;0;0;0;0;0;0;0;0;0;0;0;0;0;1;0;0;0;0;0;0;0;273;3.681318681318681;0.894392372333548;
15;1;0;0;0;0;0;1;0;0;0;0;0;0;0;0;0;0;0;0;0;0;0;42;3.0476190476190474;2.5342624854819977;
22;2;1;0;0;0;0;0;0;0;0;0;0;0;0;0;0;0;0;0;0;0;0;63;3.9365079365079363;1.7055811571940611;
26;1;0;0;0;0;0;0;1;0;0;0;0;0;0;0;0;0;0;0;0;0;0;435;1.4919540229885058;0.7159489379734165;
36;1;0;0;0;0;0;0;0;0;0;0;0;0;0;0;1;0;0;0;0;0;0;28;3.857142857142857;0.8677248677248678;
33;1;0;0;0;0;0;0;0;0;0;0;0;0;0;0;0;0;0;1;0;0;0;53;3.188679245283019;1.002177068214804;
37;1;0;0;0;0;0;0;0;0;0;0;1;0;0;0;0;0;0;0;0;0;0;251;3.6613545816733066;0.6968605577689229;
53;2;0;0;0;0;0;0;0;0;0;0;1;0;0;0;0;0;0;0;0;0;0;48;4.041666666666667;0.5088652482269503;
39;2;0;0;0;0;0;0;1;0;0;0;0;0;0;0;0;0;0;0;0;0;0;92;3.4130434782608696;1.4978499761108448;
26;1;0;0;0;1;0;0;0;0;0;0;0;0;0;0;0;0;0;0;0;0;0;56;4.071428571428571;0.8311688311688312;
42;1;0;0;0;0;0;0;0;0;0;0;0;0;0;0;0;0;0;0;1;0;0;112;3.767857142857143;0.9546332046332046;
32;1;0;1;0;0;0;0;0;0;0;0;0;0;0;0;0;0;0;0;0;0;0;187;3.978609625668449;1.1500776263584593;
30;1;1;0;0;0;0;0;0;0;0;0;0;0;0;0;0;0;0;0;0;0;0;59;3.3220338983050848;0.9807130333138516;
33;1;1;0;0;0;0;0;0;0;0;0;0;0;0;0;0;0;0;0;0;0;0;27;3.6296296296296298;0.6267806267806265;
42;1;0;0;0;1;0;0;0;0;0;0;0;0;0;0;0;0;0;0;0;0;0;35;3.5142857142857142;1.198319327731093;
29;1;0;0;0;0;0;0;0;0;0;0;0;0;0;0;0;0;0;0;1;0;0;121;3.165289256198347;1.239118457300277;
38;1;1;0;0;0;0;0;0;0;0;0;0;0;0;0;0;0;0;0;0;0;0;305;2.963934426229508;1.0480371009490923;
42;1;0;0;0;0;0;0;0;0;0;0;0;0;0;0;0;0;0;1;0;0;0;96;3.2916666666666665;1.050877192982456;
49;1;0;0;0;0;0;0;0;0;0;0;0;0;0;0;0;0;0;0;0;0;1;39;3.6153846153846154;1.0323886639676108;
55;1;0;0;0;0;0;0;0;0;0;0;0;0;0;0;0;0;0;0;0;1;0;118;3.3389830508474576;1.508039982616254;
21;2;0;0;0;0;0;0;0;0;0;0;0;0;0;0;0;0;0;0;1;0;0;181;3.276243093922652;0.9454880294659284;
30;1;0;0;0;0;0;0;0;0;0;0;0;0;0;0;0;0;0;0;0;0;1;40;2.95;2.4589743589743582;
40;1;0;0;0;0;0;0;0;0;0;0;0;0;0;0;1;0;0;0;0;0;0;216;4.032407407407407;0.738479758828596;
27;1;0;0;0;0;0;0;0;0;0;0;0;0;0;0;0;0;0;0;0;0;1;386;3.0310880829015545;1.1107193324809865;
41;2;0;0;0;1;0;0;0;0;0;0;0;0;0;0;0;0;0;0;0;0;0;20;2.8;1.6421052631578947;
25;2;0;0;0;0;0;0;0;0;0;0;0;0;0;0;0;0;0;0;1;0;0;43;3.4186046511627906;1.1063122923588034;
52;2;0;0;0;0;0;0;0;0;0;0;1;0;0;0;0;0;0;0;0;0;0;42;3.4523809523809526;1.814750290360047;
47;1;0;0;0;0;0;0;0;0;0;1;0;0;0;0;0;0;0;0;0;0;0;22;2.8636363636363638;1.0757575757575755;
14;2;0;0;0;0;0;0;0;0;0;0;0;0;0;0;0;0;0;0;1;0;0;64;2.171875;2.144593253968254;
39;1;0;0;0;0;0;0;0;0;0;0;0;1;0;0;0;0;0;0;0;0;0;230;3.2304347826086954;0.6846591987848863;
43;1;0;0;0;0;1;0;0;0;0;0;0;0;0;0;0;0;0;0;0;0;0;33;3.787878787878788;1.047348484848485;
33;2;0;0;0;1;0;0;0;0;0;0;0;0;0;0;0;0;0;0;0;0;0;33;3.1818181818181817;1.528409090909091;
39;1;0;0;0;0;1;0;0;0;0;0;0;0;0;0;0;0;0;0;0;0;0;132;4.0606060606060606;0.6680545917187137;
66;1;0;0;0;0;0;0;0;0;0;0;0;0;0;0;0;0;1;0;0;0;0;37;3.189189189189189;1.2687687687687694;
49;2;0;0;0;1;0;0;0;0;0;0;0;0;0;0;0;0;0;0;0;0;0;25;3.92;1.66;
33;1;0;0;0;0;0;0;1;0;0;0;0;0;0;0;0;0;0;0;0;0;0;126;4.23015873015873;0.7546031746031749;
26;2;0;0;0;0;0;0;0;0;0;0;1;0;0;0;0;0;0;0;0;0;0;128;3.8984375;0.6903912401574803;
35;1;0;0;0;0;0;0;0;0;0;0;0;0;0;0;1;0;0;0;0;0;0;93;3.774193548387097;0.7854137447405327;
22;1;0;0;0;0;1;0;0;0;0;0;0;0;0;0;0;0;0;0;0;0;0;131;3.801526717557252;1.0064591896652977;
22;1;0;0;0;0;0;0;0;0;0;0;0;0;0;1;0;0;0;0;0;0;0;76;2.960526315789474;1.9050877192982447;
37;1;1;0;0;0;0;0;0;0;0;0;0;0;0;0;0;0;0;0;0;0;0;53;3.6037735849056602;0.6669085631349778;
32;1;0;0;0;0;0;0;0;0;0;0;0;0;0;0;1;0;0;0;0;0;0;28;3.7142857142857144;2.507936507936508;
30;1;0;0;0;0;0;0;0;0;0;0;1;0;0;0;0;0;0;0;0;0;0;22;3.772727272727273;0.8506493506493504;
19;1;0;0;0;0;0;0;0;0;0;0;0;0;0;0;0;0;0;0;1;0;0;146;3.6164383561643834;0.8035899858290046;
29;1;0;0;0;0;0;0;0;0;0;0;0;0;0;0;1;0;0;0;0;0;0;387;3.049095607235142;1.419863169592054;
19;2;0;0;0;0;0;0;0;0;0;0;0;0;0;0;0;0;0;0;1;0;0;105;3.0285714285714285;1.6818681318681332;
31;2;0;0;0;1;0;0;0;0;0;0;0;0;0;0;0;0;0;0;0;0;0;141;2.99290780141844;1.2070921985815617;
51;2;1;0;0;0;0;0;0;0;0;0;0;0;0;0;0;0;0;0;0;0;0;27;4.518518518518518;0.7207977207977208;
28;1;0;0;0;0;0;0;0;0;0;0;0;0;0;0;0;0;0;0;1;0;0;50;3.8;0.8571428571428571;
46;1;0;0;0;0;0;0;1;0;0;0;0;0;0;0;0;0;0;0;0;0;0;58;3.4482758620689653;1.1288566243194198;
21;2;0;0;0;0;0;0;0;0;0;0;0;0;0;0;0;0;0;0;1;0;0;21;3.142857142857143;2.2285714285714286;
29;2;0;0;0;0;0;0;0;0;0;0;1;0;0;0;0;0;0;0;0;0;0;30;2.7333333333333334;2.1333333333333333;
28;2;0;0;0;0;0;0;0;0;0;0;0;0;0;0;0;0;0;0;1;0;0;133;3.8496240601503757;1.2953975848712715;
48;1;0;0;0;0;0;0;0;0;0;0;1;0;0;0;0;0;0;0;0;0;0;21;3.6666666666666665;0.8333333333333333;
45;1;0;0;0;0;0;0;0;0;0;0;0;0;0;0;0;0;0;1;0;0;0;93;3.903225806451613;0.8057503506311354;
38;1;0;0;0;0;1;0;0;0;0;0;0;0;0;0;0;0;0;0;0;0;0;110;4.345454545454546;0.6318598832360293;
60;1;0;0;0;0;0;0;0;0;0;0;0;0;0;0;0;1;0;0;0;0;0;480;3.122916666666667;0.8470728949199712;
37;1;0;0;0;1;0;0;0;0;0;0;0;0;0;0;0;0;0;0;0;0;0;94;3.978723404255319;0.6877144818119428;
44;2;0;0;0;0;0;0;0;0;0;0;0;0;0;0;0;0;0;0;0;0;1;124;3.475806451612903;1.3733936532913713;
49;1;1;0;0;0;0;0;0;0;0;0;0;0;0;0;0;0;0;0;0;0;0;48;4.145833333333333;0.46764184397163117;
42;2;1;0;0;0;0;0;0;0;0;0;0;0;0;0;0;0;0;0;0;0;0;29;3.2758620689655173;0.706896551724138;
39;1;0;1;0;0;0;0;0;0;0;0;0;0;0;0;0;0;0;0;0;0;0;159;4.213836477987422;1.5742377199267596;
23;2;0;0;0;1;0;0;0;0;0;0;0;0;0;0;0;0;0;0;0;0;0;24;3.75;1.7608695652173914;
26;2;0;0;0;0;0;0;0;0;0;0;0;0;0;0;0;0;0;0;1;0;0;23;3.4347826086956523;1.0750988142292488;
33;1;0;0;0;1;0;0;0;0;0;0;0;0;0;0;0;0;0;0;0;0;0;20;4.45;0.5763157894736844;
33;1;0;0;0;1;0;0;0;0;0;0;0;0;0;0;0;0;0;0;0;0;0;81;3.6419753086419755;0.6827160493827165;
28;1;0;0;0;0;0;0;0;0;0;0;0;0;0;0;0;0;0;0;0;1;0;238;3.6512605042016806;1.147909796830124;
22;1;0;0;0;0;0;0;0;0;0;0;0;0;0;0;0;0;0;0;1;0;0;22;3.272727272727273;1.2554112554112555;
19;1;0;0;0;0;0;0;0;0;0;0;0;0;0;0;0;0;0;0;1;0;0;195;2.928205128205128;1.7473962463653185;
28;1;0;0;0;0;1;0;0;0;0;0;0;0;0;0;0;0;0;0;0;0;0;26;3.923076923076923;0.793846153846154;
25;1;0;0;0;0;0;0;0;0;0;0;0;0;0;0;0;0;0;0;1;0;0;56;3.5714285714285716;1.4129870129870126;
25;1;0;0;0;0;0;0;0;0;0;0;0;0;0;0;0;0;0;0;1;0;0;161;4.105590062111801;0.7450310559006198;
29;1;0;0;0;0;0;0;1;0;0;0;0;0;0;0;0;0;0;0;0;0;0;122;3.7868852459016393;1.1277604660615086;
28;1;0;0;1;0;0;0;0;0;0;0;0;0;0;0;0;0;0;0;0;0;0;77;3.792207792207792;0.8509911141490093;
42;1;0;0;0;0;1;0;0;0;0;0;0;0;0;0;0;0;0;0;0;0;0;21;4.428571428571429;0.45714285714285713;
26;2;0;0;0;0;0;0;0;0;0;0;1;0;0;0;0;0;0;0;0;0;0;97;3.979381443298969;0.9162371134020636;
44;1;0;0;0;1;0;0;0;0;0;0;0;0;0;0;0;0;0;0;0;0;0;159;3.050314465408805;1.0734017992198077;
23;1;0;0;0;0;0;1;0;0;0;0;0;0;0;0;0;0;0;0;0;0;0;83;2.5421686746987953;1.7390537760799303;
35;2;0;0;0;0;0;0;0;0;0;0;0;0;1;0;0;0;0;0;0;0;0;207;3.9903381642512077;0.8931100792645742;
17;1;0;0;0;0;0;0;0;0;0;0;0;0;0;0;0;0;0;0;1;0;0;57;4.035087719298246;0.9273182957393488;
19;2;0;0;0;0;0;0;0;0;0;0;0;0;0;0;0;0;0;0;1;0;0;23;3.739130434782609;1.9288537549407117;
21;1;0;0;0;0;0;0;0;0;0;0;0;0;0;0;0;0;0;0;1;0;0;46;3.869565217391304;0.604830917874396;
40;2;0;1;0;0;0;0;0;0;0;0;0;0;0;0;0;0;0;0;0;0;0;24;4.041666666666667;1.259057971014493;
28;1;1;0;0;0;0;0;0;0;0;0;0;0;0;0;0;0;0;0;0;0;0;27;4.111111111111111;0.7948717948717946;
19;2;0;0;0;0;0;0;0;0;0;0;0;0;0;0;0;0;0;0;1;0;0;160;3.16875;0.682036163522013;
41;1;0;0;0;0;0;0;0;0;0;0;0;0;0;0;1;0;0;0;0;0;0;123;4.048780487804878;0.997600959616155;
36;2;0;0;0;0;0;0;0;0;0;0;0;0;0;0;0;0;0;0;0;0;1;120;4.216666666666667;1.0114845938375354;
26;1;0;0;0;0;0;0;1;0;0;0;0;0;0;0;0;0;0;0;0;0;0;46;3.5652173913043477;1.2734299516908203;
62;2;1;0;0;0;0;0;0;0;0;0;0;0;0;0;0;0;0;0;0;0;0;23;3.260869565217391;1.2015810276679846;
23;1;0;0;0;0;1;0;0;0;0;0;0;0;0;0;0;0;0;0;0;0;0;185;3.9351351351351354;0.7892479435957706;
24;1;0;0;0;0;1;0;0;0;0;0;0;0;0;0;0;0;0;0;0;0;0;328;2.942073170731707;1.2045852912657602;
31;2;0;0;0;0;0;0;0;0;0;0;1;0;0;0;0;0;0;0;0;0;0;323;3.0092879256965945;1.9781743360959947;
18;2;0;0;0;0;0;0;0;0;0;0;0;0;0;0;0;0;0;0;1;0;0;138;4.333333333333333;0.9829683698296845;
51;1;0;0;0;0;1;0;0;0;0;0;0;0;0;0;0;0;0;0;0;0;0;278;3.58273381294964;1.0093758927875753;
33;1;0;0;0;0;0;0;0;0;0;0;0;0;0;0;0;0;0;1;0;0;0;51;4.333333333333333;0.7866666666666672;
50;2;0;0;0;0;0;0;0;0;0;0;0;0;0;1;0;0;0;0;0;0;0;22;3.6363636363636362;0.5281385281385281;
20;2;0;0;0;0;0;0;0;0;0;0;0;0;0;0;0;0;0;0;1;0;0;71;4.056338028169014;0.9682092555332004;
38;1;0;0;0;0;1;0;0;0;0;0;0;0;0;0;0;0;0;0;0;0;0;95;3.1157894736842104;0.35879059350503884;
21;1;0;0;0;0;0;0;0;0;0;0;0;0;0;0;0;0;0;0;1;0;0;518;3.465250965250965;1.034573534573537;
35;2;1;0;0;0;0;0;0;0;0;0;0;0;0;0;0;0;0;0;0;0;0;54;3.5;0.7075471698113207;
37;2;0;0;0;0;0;0;0;0;0;0;1;0;0;0;0;0;0;0;0;0;0;23;4.260869565217392;0.8379446640316203;
33;1;0;0;0;0;0;0;0;0;0;0;0;0;0;0;1;0;0;0;0;0;0;434;3.2672811059907834;1.4387884334990089;
30;2;0;0;0;0;0;0;0;0;0;0;1;0;0;0;0;0;0;0;0;0;0;258;3.5775193798449614;0.9998039393116738;
15;2;0;0;0;0;0;0;0;0;0;0;0;0;0;0;0;0;0;0;1;0;0;26;3.1923076923076925;1.521538461538462;
22;1;1;0;0;0;0;0;0;0;0;0;0;0;0;0;0;0;0;0;0;0;0;22;3.5;1.0238095238095237;
28;1;0;0;0;0;0;0;0;0;0;0;0;0;0;0;1;0;0;0;0;0;0;53;4.132075471698113;0.6937590711175616;
40;1;0;0;0;0;0;0;1;0;0;0;0;0;0;0;0;0;0;0;0;0;0;47;3.5531914893617023;0.6438482886216468;
25;1;0;0;0;0;0;0;0;0;0;0;0;0;0;0;1;0;0;0;0;0;0;32;3.9375;0.7056451612903226;
27;1;0;0;0;0;0;0;0;0;0;0;0;0;0;0;0;0;0;0;1;0;0;288;3.7118055555555554;1.33477303523035;
21;1;0;0;0;0;0;0;0;0;0;0;0;0;0;0;0;0;1;0;0;0;0;62;4.112903225806452;1.0526176626123733;
34;1;0;0;0;0;0;0;0;0;0;0;0;1;0;0;0;0;0;0;0;0;0;75;3.88;1.4583783783783784;
11;1;0;0;0;0;0;0;0;0;0;0;0;0;1;0;0;0;0;0;0;0;0;27;2.925925925925926;1.1481481481481484;
40;1;0;0;0;0;1;0;0;0;0;0;0;0;0;0;0;0;0;0;0;0;0;150;3.3533333333333335;0.8340492170022371;
19;1;0;0;0;0;0;0;0;0;0;0;0;0;0;0;0;0;0;0;1;0;0;296;3.685810810810811;1.063662391204764;
35;2;0;0;0;0;0;0;0;0;0;0;0;0;0;0;1;0;0;0;0;0;0;124;4.225806451612903;0.6477838971938114;
24;1;0;0;0;0;0;0;0;0;0;0;0;0;0;0;0;0;0;0;0;0;1;388;3.0309278350515463;1.089480273848533;
34;1;0;0;0;0;0;0;0;0;0;0;0;0;0;0;0;0;0;0;0;1;0;150;3.466666666666667;0.9082774049217008;
31;1;0;0;0;1;0;0;0;0;0;0;0;0;0;0;0;0;0;0;0;0;0;196;4.239795918367347;0.6242543171114628;
43;2;1;0;0;0;0;0;0;0;0;0;0;0;0;0;0;0;0;0;0;0;0;147;4.1768707482993195;1.4068586338645026;
29;2;0;0;0;1;0;0;0;0;0;0;0;0;0;0;0;0;0;0;0;0;0;192;3.4375;1.137434554973822;
44;1;0;0;0;0;0;0;1;0;0;0;0;0;0;0;0;0;0;0;0;0;0;127;4.031496062992126;0.6656667916510424;
29;1;0;0;1;0;0;0;0;0;0;0;0;0;0;0;0;0;0;0;0;0;0;280;3.4642857142857144;0.8230926779313879;
26;2;0;0;0;0;0;0;0;0;0;0;0;0;0;0;1;0;0;0;0;0;0;20;3.75;1.0394736842105263;
24;1;0;0;0;0;0;0;0;0;0;0;0;0;0;0;0;0;0;0;1;0;0;275;3.5272727272727273;0.943596549435969;
42;1;0;0;0;1;0;0;0;0;0;0;0;0;0;0;0;0;0;0;0;0;0;21;2.4285714285714284;0.757142857142857;
19;1;0;0;0;0;0;0;0;0;0;0;0;0;0;0;0;0;0;0;1;0;0;484;3.365702479338843;1.5160883253768616;
22;2;0;0;0;0;0;0;0;0;0;0;0;0;0;0;0;0;0;0;1;0;0;26;3.3846153846153846;1.1261538461538458;
23;1;0;0;0;0;0;0;0;0;0;0;0;0;0;0;1;0;0;0;0;0;0;222;3.40990990990991;1.1660551954669596;
45;1;0;0;0;0;0;0;0;0;0;0;0;0;0;1;0;0;0;0;0;0;0;32;3.78125;1.0151209677419355;
25;1;0;0;0;0;0;0;0;0;0;0;0;0;0;0;0;0;0;0;1;0;0;112;3.794642857142857;1.065556628056628;
60;1;0;0;0;0;0;0;0;0;0;0;0;0;0;0;0;1;0;0;0;0;0;397;3.7581863979848866;0.5878431671882549;
40;1;0;0;0;0;0;0;0;0;0;0;0;0;0;0;0;0;0;1;0;0;0;20;3.5;1.105263157894737;
37;1;0;0;0;1;0;0;0;0;0;0;0;0;0;0;0;0;0;0;0;0;0;21;3.857142857142857;2.028571428571429;
32;1;0;0;0;0;0;0;0;0;0;0;0;0;0;0;0;0;0;0;0;1;0;294;3.795918367346939;0.7568433516751404;
48;1;0;0;0;0;0;0;0;0;0;0;0;0;0;1;0;0;0;0;0;0;0;223;4.381165919282512;0.8405445804548932;
41;1;0;0;0;0;0;0;0;0;0;0;0;1;0;0;0;0;0;0;0;0;0;262;3.595419847328244;0.9927758766926926;
20;2;0;0;0;0;0;0;0;0;0;0;0;0;0;0;0;0;0;0;1;0;0;245;3.6775510204081634;1.3177316828370713;
31;1;0;0;0;1;0;0;0;0;0;0;0;0;0;0;0;0;0;0;0;0;0;87;4.011494252873563;0.8719593691526331;
43;2;0;0;0;0;0;0;0;0;0;0;0;0;0;1;0;0;0;0;0;0;0;75;3.36;2.071351351351352;
22;1;1;0;0;0;0;0;0;0;0;0;0;0;0;0;0;0;0;0;0;0;0;22;3.5454545454545454;0.735930735930736;
65;1;0;0;0;0;0;0;0;0;0;0;0;0;0;0;0;1;0;0;0;0;0;174;3.706896551724138;1.0638827984851498;
38;1;0;0;0;0;0;0;0;0;0;0;0;0;0;0;1;0;0;0;0;0;0;23;3.4782608695652173;0.6245059288537548;
19;1;0;0;0;0;0;0;0;0;0;0;0;0;0;0;0;0;0;0;1;0;0;154;3.720779220779221;0.7123758594346838;
49;2;0;0;0;1;0;0;0;0;0;0;0;0;0;0;0;0;0;0;0;0;0;125;3.736;0.5507096774193553;
20;1;0;0;0;0;0;0;0;0;0;0;0;0;0;0;0;0;0;0;1;0;0;51;4.176470588235294;0.7082352941176469;
21;1;0;0;0;0;0;0;0;0;0;0;0;0;0;0;0;0;0;0;1;0;0;89;3.6179775280898876;0.9205822267620015;
21;2;0;0;0;0;0;0;0;0;0;0;0;0;0;0;0;0;0;0;1;0;0;66;4.348484848484849;0.6613053613053613;
48;1;0;0;0;0;0;0;0;0;0;0;0;0;0;0;0;0;0;0;0;1;0;142;3.408450704225352;1.250424533013684;
41;1;1;0;0;0;0;0;0;0;0;0;0;0;0;0;0;0;0;0;0;0;0;187;3.3262032085561497;1.4682881950434143;
22;1;0;0;0;0;0;0;0;0;0;0;0;0;0;0;0;0;0;0;1;0;0;284;3.313380281690141;0.8449086746628189;
51;1;1;0;0;0;0;0;0;0;0;0;0;0;0;0;0;0;0;0;0;0;0;283;3.431095406360424;0.8205899305816635;
48;1;0;0;0;1;0;0;0;0;0;0;0;0;0;0;0;0;0;0;0;0;0;65;3.4;0.6812499999999996;
35;2;0;0;0;1;0;0;0;0;0;0;0;0;0;0;0;0;0;0;0;0;0;147;4.496598639455782;0.5393719131488215;
33;1;0;0;0;0;0;1;0;0;0;0;0;0;0;0;0;0;0;0;0;0;0;70;3.642857142857143;1.1314699792960656;
20;1;0;0;0;0;0;0;0;0;0;0;0;0;0;0;0;0;0;0;1;0;0;183;4.1530054644808745;0.833603554915031;
47;1;0;0;0;0;0;0;0;0;0;0;0;0;0;1;0;0;0;0;0;0;0;26;3.8461538461538463;0.9353846153846155;
32;1;0;0;0;0;0;0;0;0;0;0;1;0;0;0;0;0;0;0;0;0;0;333;3.5195195195195197;0.8286841057925417;
45;1;0;0;0;0;0;0;1;0;0;0;0;0;0;0;0;0;0;0;0;0;0;22;3.5454545454545454;1.4978354978354982;
23;1;0;0;0;0;0;0;0;0;0;0;0;0;0;0;0;0;1;0;0;0;0;130;2.9615384615384617;1.6496720333929644;
37;1;0;0;0;0;0;0;0;0;0;0;0;0;0;0;0;0;0;1;0;0;0;34;3.9411764705882355;1.2691622103386804;
39;2;0;0;0;0;0;0;0;0;0;0;1;0;0;0;0;0;0;0;0;0;0;75;4.0;0.8918918918918919;
35;1;0;0;0;0;0;0;0;0;0;1;0;0;0;0;0;0;0;0;0;0;0;254;4.003937007874016;0.8418816719056346;
46;1;0;0;0;0;1;0;0;0;0;0;0;0;0;0;0;0;0;0;0;0;0;44;4.159090909090909;1.3927061310782236;
17;2;0;0;0;0;0;0;0;0;0;0;0;0;0;0;0;0;0;0;1;0;0;21;3.8095238095238093;1.2619047619047619;
25;2;0;0;0;0;0;0;0;0;0;0;0;0;0;1;0;0;0;0;0;0;0;201;3.4378109452736316;1.6573631840796017;
43;1;0;0;0;0;1;0;0;0;0;0;0;0;0;0;0;0;0;0;0;0;0;237;3.9873417721518987;1.190517056425659;
30;2;0;0;0;0;0;0;0;0;0;0;1;0;0;0;0;0;0;0;0;0;0;190;3.668421052631579;1.048203842940685;
28;2;0;0;0;0;0;0;0;0;0;0;1;0;0;0;0;0;0;0;0;0;0;232;3.646551724137931;0.844230482161516;
34;1;0;0;0;0;0;0;0;0;0;0;0;0;0;1;0;0;0;0;0;0;0;193;3.290155440414508;1.3216213298790982;
18;1;0;0;0;0;0;0;0;0;0;0;0;0;0;0;0;0;0;0;1;0;0;199;3.5728643216080402;1.7307750875590082;
24;2;0;0;0;0;0;0;0;0;0;0;0;0;0;0;0;0;0;0;1;0;0;58;3.896551724137931;0.4803387779794319;
68;1;0;0;0;0;0;0;0;0;0;0;0;0;0;0;0;1;0;0;0;0;0;41;3.1951219512195124;1.2109756097560962;
32;1;0;0;0;0;0;0;0;0;0;0;0;0;0;0;0;0;0;0;1;0;0;50;4.32;0.671020408163265;
61;1;0;0;0;1;0;0;0;0;0;0;0;0;0;0;0;0;0;0;0;0;0;44;4.159090909090909;0.8810782241014798;
37;2;0;0;0;0;0;0;0;0;0;0;0;0;0;0;1;0;0;0;0;0;0;42;3.738095238095238;1.4175377468060388;
25;1;0;0;0;0;0;0;0;0;0;0;0;0;0;0;0;0;0;1;0;0;0;25;3.36;1.823333333333333;
29;2;0;0;0;0;0;0;0;0;0;0;1;0;0;0;0;0;0;0;0;0;0;233;3.742489270386266;0.7523679147550703;
25;1;0;0;0;0;0;0;0;0;0;0;0;0;0;0;0;0;0;0;1;0;0;26;4.076923076923077;0.23384615384615393;
32;2;0;0;0;0;0;0;0;0;1;0;0;0;0;0;0;0;0;0;0;0;0;24;3.5833333333333335;1.2971014492753623;
26;1;0;0;0;0;0;0;1;0;0;0;0;0;0;0;0;0;0;0;0;0;0;76;4.131578947368421;0.809122807017545;
40;1;0;0;0;1;0;0;0;0;0;0;0;0;0;0;0;0;0;0;0;0;0;43;3.697674418604651;1.4540420819490583;
22;1;0;0;0;0;0;0;0;0;0;0;0;0;0;0;0;0;0;0;1;0;0;27;3.925925925925926;0.6096866096866098;
51;1;0;0;0;0;0;0;0;0;0;0;0;0;0;1;0;0;0;0;0;0;0;102;3.9607843137254903;0.7311201708406133;
22;1;0;0;0;0;0;0;0;0;0;0;0;0;0;0;0;0;0;0;1;0;0;121;3.7768595041322315;0.9247933884297505;
35;2;0;0;0;0;0;0;0;0;1;0;0;0;0;0;0;0;0;0;0;0;0;25;3.36;2.3233333333333337;
20;1;0;0;0;0;0;0;0;0;0;0;0;0;0;0;0;0;0;0;1;0;0;311;3.054662379421222;1.6389378695156096;
63;1;0;0;0;0;1;0;0;0;0;0;0;0;0;0;0;0;0;0;0;0;0;20;3.45;1.2078947368421051;
29;1;0;0;0;0;0;0;0;0;0;1;0;0;0;0;0;0;0;0;0;0;0;58;3.3793103448275863;1.3974591651542656;
20;2;0;0;0;0;0;0;0;0;0;0;0;0;0;0;0;0;0;0;1;0;0;33;4.393939393939394;1.1837121212121213;
17;1;0;0;0;0;0;0;0;0;0;0;0;0;0;0;0;0;0;0;1;0;0;58;4.155172413793103;0.5544464609800361;
18;1;0;0;0;0;0;0;0;0;0;0;0;0;0;0;0;0;0;0;1;0;0;45;3.2888888888888888;1.2101010101010101;
24;1;0;0;0;0;0;0;0;0;0;0;0;0;0;0;0;0;0;0;1;0;0;22;4.0;1.0476190476190477;
52;1;0;0;0;0;0;0;0;0;0;0;0;0;0;0;0;0;0;0;0;0;1;75;3.6933333333333334;0.8911711711711711;
36;1;0;0;0;0;1;0;0;0;0;0;0;0;0;0;0;0;0;0;0;0;0;51;4.098039215686274;0.8901960784313733;
25;2;0;0;0;0;0;0;0;0;0;0;0;0;0;0;0;0;0;0;1;0;0;66;4.303030303030303;0.4913752913752904;
24;2;0;0;0;0;0;0;0;0;0;0;0;0;0;1;0;0;0;0;0;0;0;233;3.7339055793991416;0.9030264910463237;
36;1;0;0;0;0;0;0;1;0;0;0;0;0;0;0;0;0;0;0;0;0;0;274;3.31021897810219;1.7019464720194617;
17;1;0;0;0;0;0;1;0;0;0;0;0;0;0;0;0;0;0;0;0;0;0;28;3.6785714285714284;0.7447089947089948;
28;2;0;0;0;0;0;0;0;0;0;0;0;0;0;1;0;0;0;0;0;0;0;30;3.7333333333333334;0.4781609195402302;
22;1;0;0;0;0;0;0;0;0;0;0;0;0;0;0;0;0;0;0;1;0;0;33;3.909090909090909;0.8977272727272728;
35;1;0;0;0;0;0;0;0;0;0;0;0;0;0;0;0;0;0;0;1;0;0;375;3.424;0.645946524064171;
44;1;0;0;0;0;0;0;0;0;0;0;0;0;0;0;1;0;0;0;0;0;0;196;3.989795918367347;0.8922030350601793;
32;1;0;0;0;0;1;0;0;0;0;0;0;0;0;0;0;0;0;0;0;0;0;162;3.197530864197531;0.8427267847557687;
33;1;0;1;0;0;0;0;0;0;0;0;0;0;0;0;0;0;0;0;0;0;0;127;3.811023622047244;1.2338457692788405;
45;1;0;0;0;0;1;0;0;0;0;0;0;0;0;0;0;0;0;0;0;0;0;53;3.4716981132075473;1.100145137880987;
42;1;1;0;0;0;0;0;0;0;0;0;0;0;0;0;0;0;0;0;0;0;0;71;4.380281690140845;0.7247484909456733;
52;1;0;0;0;0;0;0;0;0;0;0;0;0;0;0;1;0;0;0;0;0;0;22;4.136363636363637;0.3138528138528137;
36;1;0;0;0;0;0;0;0;0;0;0;0;0;0;0;0;0;0;0;0;0;1;281;3.295373665480427;1.480299949161155;
36;1;0;0;0;0;0;0;0;0;0;0;0;0;0;0;0;0;1;0;0;0;0;23;3.652173913043478;0.6916996047430829;
33;1;0;0;0;0;0;1;0;0;0;0;0;0;0;0;0;0;0;0;0;0;0;304;3.361842105263158;1.4527965954490198;
31;1;0;0;0;0;0;0;0;0;0;0;0;0;0;1;0;0;0;0;0;0;0;52;4.173076923076923;0.734162895927601;
44;2;0;0;0;0;0;0;0;0;0;0;0;0;0;0;0;0;0;0;0;0;1;271;3.7047970479704797;1.068088014213475;
42;2;0;0;0;0;0;0;0;0;0;0;0;0;0;0;0;0;0;0;0;0;1;31;3.838709677419355;1.406451612903226;
23;1;0;0;0;0;0;0;0;0;0;0;0;0;0;0;0;0;0;0;1;0;0;121;3.768595041322314;1.029338842975205;
52;1;0;0;0;0;0;0;0;0;0;0;0;0;0;0;0;0;0;0;0;0;1;111;4.045045045045045;1.2615888615888626;
19;1;0;0;0;0;0;0;0;0;0;0;0;0;0;0;0;0;0;0;1;0;0;448;3.3370535714285716;0.6669013662511966;
25;1;1;0;0;0;0;0;0;0;0;0;0;0;0;0;0;0;0;0;0;0;0;149;3.859060402684564;0.8786504625430798;
43;1;0;0;0;0;0;0;0;0;0;0;0;0;0;1;0;0;0;0;0;0;0;57;3.8947368421052633;1.2030075187969937;
57;1;0;0;0;0;1;0;0;0;0;0;0;0;0;0;0;0;0;0;0;0;0;54;3.4074074074074074;0.6233403214535291;
17;1;0;0;0;0;0;0;0;0;0;0;0;0;0;0;0;0;0;0;1;0;0;102;3.7058823529411766;1.7740244612696563;
40;1;0;0;0;0;0;0;0;0;0;0;0;0;0;1;0;0;0;0;0;0;0;172;3.7093023255813953;0.8857609139126893;
25;1;0;0;0;0;0;0;0;0;0;0;0;0;0;1;0;0;0;0;0;0;0;319;2.93730407523511;0.6312769858638426;
33;2;1;0;0;0;0;0;0;0;0;0;0;0;0;0;0;0;0;0;0;0;0;22;3.590909090909091;0.6341991341991343;
46;2;0;0;0;0;0;0;0;1;0;0;0;0;0;0;0;0;0;0;0;0;0;153;3.1176470588235294;1.2360681114551084;
30;1;0;0;0;0;1;0;0;0;0;0;0;0;0;0;0;0;0;0;0;0;0;68;3.8970588235294117;0.9892449517120279;
37;1;0;0;0;0;0;0;0;0;0;0;0;0;0;1;0;0;0;0;0;0;0;50;3.68;1.5281632653061232;
29;2;0;0;0;0;0;0;0;0;0;0;0;0;0;0;1;0;0;0;0;0;0;44;3.25;1.2151162790697674;
22;2;0;0;0;0;0;0;0;1;0;0;0;0;0;0;0;0;0;0;0;0;0;737;1.8344640434192674;1.8095171376319876;
52;1;0;0;0;1;0;0;0;0;0;0;0;0;0;0;0;0;0;0;0;0;0;342;3.5321637426900585;1.1529214041947502;
29;1;0;0;0;0;1;0;0;0;0;0;0;0;0;0;0;0;0;0;0;0;0;226;3.4690265486725664;0.7390363815142567;
23;1;0;0;0;0;0;0;0;0;0;0;0;0;0;0;0;0;0;0;1;0;0;27;3.740740740740741;1.1994301994301997;
48;1;1;0;0;0;0;0;0;0;0;0;0;0;0;0;0;0;0;0;0;0;0;203;3.5911330049261085;1.3518021752914215;
30;2;0;1;0;0;0;0;0;0;0;0;0;0;0;0;0;0;0;0;0;0;0;28;3.0357142857142856;1.072751322751323;
34;1;0;0;0;1;0;0;0;0;0;0;0;0;0;0;0;0;0;0;0;0;0;58;3.7758620689655173;0.5980036297640654;
25;1;0;0;0;1;0;0;0;0;0;0;0;0;0;0;0;0;0;0;0;0;0;51;3.9411764705882355;0.5364705882352938;
55;1;0;0;0;1;0;0;0;0;0;0;0;0;0;0;0;0;0;0;0;0;0;50;3.66;1.0044897959183678;
24;1;0;0;0;0;0;0;0;0;0;0;0;0;0;0;1;0;0;0;0;0;0;25;3.88;1.2766666666666666;
39;1;0;0;0;1;0;0;0;0;0;0;0;0;0;0;0;0;0;0;0;0;0;24;4.166666666666667;1.1014492753623186;
20;2;0;0;0;0;0;0;0;0;0;0;0;0;0;0;0;0;0;0;1;0;0;493;3.845841784989858;1.195699137518757;
27;2;0;0;0;0;0;0;0;0;0;0;0;0;0;1;0;0;0;0;0;0;0;365;3.2465753424657535;0.8895830197200053;
55;2;0;0;0;0;0;0;0;0;0;0;0;0;1;0;0;0;0;0;0;0;0;20;2.9;2.3052631578947373;
37;1;0;0;0;0;0;0;0;0;0;1;0;0;0;0;0;0;0;0;0;0;0;32;4.21875;0.8215725806451613;
53;1;0;0;0;1;0;0;0;0;0;0;0;0;0;0;0;0;0;0;0;0;0;36;4.166666666666667;0.7142857142857143;
38;2;0;0;0;0;0;0;0;0;0;0;0;0;0;0;1;0;0;0;0;0;0;62;3.8548387096774195;1.0769434161819145;
26;1;0;0;0;0;0;1;0;0;0;0;0;0;0;0;0;0;0;0;0;0;0;97;3.463917525773196;0.8554553264604806;
64;1;0;0;0;0;0;0;0;0;0;0;0;0;0;1;0;0;0;0;0;0;0;64;3.578125;0.8509424603174603;
36;2;0;0;0;0;0;0;0;0;0;0;0;1;0;0;0;0;0;0;0;0;0;44;3.3636363636363638;1.7716701902748413;
19;1;0;0;0;0;0;0;0;0;0;0;0;0;0;0;0;0;0;0;1;0;0;204;2.9558823529411766;1.195088380179657;
55;1;0;0;0;1;0;0;0;0;0;0;0;0;0;0;0;0;0;0;0;0;0;101;3.8316831683168315;0.6613861386138609;
51;1;0;0;1;0;0;0;0;0;0;0;0;0;0;0;0;0;0;0;0;0;0;31;4.548387096774194;0.5892473118279576;
28;1;0;0;0;0;0;0;0;0;0;0;0;0;0;0;0;0;0;0;1;0;0;55;3.9272727272727272;0.6612794612794608;
27;1;0;0;0;0;0;0;0;0;0;0;0;0;0;0;0;0;0;0;1;0;0;414;3.393719806763285;0.8349241440619504;
38;1;0;0;0;0;0;0;0;0;0;0;0;0;0;0;0;0;0;1;0;0;0;65;3.5538461538461537;0.9697115384615385;
24;1;0;0;0;0;0;0;0;0;0;0;0;1;0;0;0;0;0;0;0;0;0;21;3.380952380952381;0.5476190476190477;
22;1;0;0;0;0;0;1;0;0;0;0;0;0;0;0;0;0;0;0;0;0;0;62;3.7096774193548385;1.1602326811210995;
27;1;0;1;0;0;0;0;0;0;0;0;0;0;0;0;0;0;0;0;0;0;0;41;3.5121951219512195;1.7560975609756102;
16;2;0;0;0;0;0;0;0;0;0;0;0;0;0;0;0;0;0;0;1;0;0;44;3.7045454545454546;2.026955602536997;
24;1;0;0;0;0;1;0;0;0;0;0;0;0;0;0;0;0;0;0;0;0;0;379;3.316622691292876;1.1375800980022581;
30;2;1;0;0;0;0;0;0;0;0;0;0;0;0;0;0;0;0;0;0;0;0;145;3.7517241379310344;0.8129310344827568;
27;2;0;0;0;0;0;0;0;0;0;0;0;0;0;1;0;0;0;0;0;0;0;263;3.581749049429658;1.3511160131193218;
51;2;1;0;0;0;0;0;0;0;0;0;0;0;0;0;0;0;0;0;0;0;0;33;4.0606060606060606;0.8712121212121215;
23;2;1;0;0;0;0;0;0;0;0;0;0;0;0;0;0;0;0;0;0;0;0;31;3.7096774193548385;0.7462365591397851;
30;1;0;0;0;0;0;0;0;0;0;0;0;0;0;1;0;0;0;0;0;0;0;51;4.176470588235294;1.3882352941176475;
50;1;0;0;0;0;0;0;0;0;0;0;0;0;0;0;0;0;0;0;0;1;0;20;3.5;0.5789473684210527;
22;1;0;0;0;0;0;0;0;0;0;0;0;0;0;0;0;0;0;0;1;0;0;143;3.125874125874126;0.8431990544666612;
35;1;0;0;0;0;0;0;0;0;0;0;0;0;0;0;0;0;1;0;0;0;0;24;3.375;2.244565217391304;
51;2;0;0;0;0;0;0;0;0;0;1;0;0;0;0;0;0;0;0;0;0;0;24;3.7916666666666665;1.2155797101449277;
21;1;0;0;0;0;0;0;0;0;0;0;0;0;0;0;0;0;0;0;0;0;1;135;1.9851851851851852;1.2087341072415694;
57;1;0;0;0;1;0;0;0;0;0;0;0;0;0;0;0;0;0;0;0;0;0;36;2.75;0.8214285714285714;
30;1;1;0;0;0;0;0;0;0;0;0;0;0;0;0;0;0;0;0;0;0;0;139;3.597122302158273;0.9669481805859662;
23;1;0;0;0;0;0;1;0;0;0;0;0;0;0;0;0;0;0;0;0;0;0;38;3.3421052631578947;2.0149359886201994;
23;1;0;0;0;0;0;0;0;0;0;0;1;0;0;0;0;0;0;0;0;0;0;75;3.7466666666666666;1.326846846846847;
35;2;0;0;0;1;0;0;0;0;0;0;0;0;0;0;0;0;0;0;0;0;0;540;3.8648148148148147;0.7442142513571081;
16;1;0;0;0;0;0;0;0;0;0;0;0;0;0;0;0;0;0;0;1;0;0;98;2.7346938775510203;1.8670313486219228;
35;1;1;0;0;0;0;0;0;0;0;0;0;0;0;0;0;0;0;0;0;0;0;206;3.412621359223301;1.5411082169074117;
18;1;0;0;0;0;0;0;0;0;0;0;0;0;0;0;0;0;0;0;1;0;0;156;3.2884615384615383;1.1098014888337469;
57;1;0;0;0;0;0;0;0;0;0;0;0;0;0;1;0;0;0;0;0;0;0;236;2.9788135593220337;0.8633790119004664;
48;1;1;0;0;0;0;0;0;0;0;0;0;0;0;0;0;0;0;0;0;0;0;189;3.502645502645503;0.5598333896206238;
24;1;0;0;0;0;0;0;0;0;0;0;0;0;0;0;0;0;0;0;0;1;0;217;3.456221198156682;0.7121949138078145;
33;2;0;0;0;0;0;0;0;0;0;0;0;0;0;0;0;0;1;0;0;0;0;277;4.025270758122744;0.8942866112070297;
47;1;0;0;0;0;0;0;0;0;0;0;0;0;0;0;0;0;0;0;0;1;0;183;3.6885245901639343;1.226625833183208;
22;1;0;0;0;0;0;0;0;0;0;0;0;0;0;0;0;0;0;0;1;0;0;118;3.3813559322033897;1.0926408807764725;
44;2;0;0;0;0;0;0;0;0;0;0;0;0;0;1;0;0;0;0;0;0;0;68;3.411764705882353;0.7831431079894645;
15;1;0;0;0;0;0;0;0;0;0;0;0;0;0;0;0;0;0;0;1;0;0;23;3.0;1.2727272727272727;
19;2;0;0;0;0;0;0;0;0;0;0;0;0;0;0;0;0;0;0;1;0;0;33;4.0;1.75;
48;2;0;0;0;0;0;0;0;1;0;0;0;0;0;0;0;0;0;0;0;0;0;133;2.8646616541353382;1.6633629528366363;
60;1;0;0;0;0;0;0;0;0;0;0;0;0;0;0;0;0;0;0;0;0;1;53;4.037735849056604;0.7677793904209;
32;1;0;0;0;0;0;0;0;0;0;0;0;0;0;1;0;0;0;0;0;0;0;80;3.4375;0.6542721518987342;
22;1;0;0;0;0;0;0;0;0;0;0;0;0;0;0;0;0;0;0;1;0;0;101;3.4653465346534653;1.2712871287128702;
29;1;0;0;0;0;1;0;0;0;0;0;0;0;0;0;0;0;0;0;0;0;0;44;3.6818181818181817;0.9661733615221991;
28;1;0;0;0;0;1;0;0;0;0;0;0;0;0;0;0;0;0;0;0;0;0;143;3.993006993006993;0.8098099084014565;
60;1;0;0;0;1;0;0;0;0;0;0;0;0;0;0;0;0;0;0;0;0;0;43;4.534883720930233;0.3023255813953487;
24;1;0;0;0;0;0;0;0;0;0;0;0;0;0;0;1;0;0;0;0;0;0;57;3.5789473684210527;0.6409774436090225;
10;1;0;0;0;0;0;0;0;0;0;0;0;0;0;0;0;0;0;0;1;0;0;31;3.3870967741935485;2.311827956989247;
24;1;0;0;0;0;0;0;0;0;0;0;0;0;0;0;0;0;0;0;1;0;0;263;4.228136882129277;0.8485182712681031;
29;1;0;0;0;0;0;0;0;0;0;0;0;0;0;0;0;0;0;0;1;0;0;35;3.914285714285714;0.8453781512605042;
51;1;0;0;0;0;0;0;1;0;0;0;0;0;0;0;0;0;0;0;0;0;0;327;4.08256880733945;0.6710755895761804;
30;1;0;0;0;0;0;0;0;0;0;0;0;0;0;0;1;0;0;0;0;0;0;20;3.6;1.831578947368421;
28;1;0;0;0;0;0;0;0;0;0;0;0;0;0;0;0;0;0;0;1;0;0;83;3.3734939759036147;1.0417278871583904;
23;2;0;0;0;0;0;0;0;0;0;0;0;0;0;0;0;0;0;0;1;0;0;35;4.457142857142857;0.2554621848739495;
29;1;0;0;0;0;0;0;0;0;0;0;0;0;0;1;0;0;0;0;0;0;0;113;3.415929203539823;1.5665297092288248;
30;1;0;0;0;1;0;0;0;0;0;0;0;0;0;0;0;0;0;0;0;0;0;202;3.4207920792079207;1.4091177774493868;
57;1;0;0;0;0;0;0;0;0;0;0;0;0;0;0;0;1;0;0;0;0;0;60;3.7333333333333334;0.8090395480225977;
73;1;0;0;0;0;0;0;0;0;0;0;0;0;0;0;0;1;0;0;0;0;0;56;3.982142857142857;0.8178571428571428;
18;2;0;0;0;0;0;0;0;0;0;0;0;0;0;0;0;0;0;0;1;0;0;26;3.423076923076923;0.573846153846154;
29;1;0;0;0;0;0;0;0;0;0;0;0;0;0;0;0;0;0;1;0;0;0;59;3.0508474576271185;0.8766803039158388;
27;1;0;0;0;0;0;0;0;0;0;0;0;0;0;0;0;0;0;0;1;0;0;139;3.9928057553956835;0.9782087373579408;
44;2;0;0;0;1;0;0;0;0;0;0;0;0;0;0;0;0;0;0;0;0;0;26;3.0384615384615383;1.2384615384615385;
39;1;0;0;0;1;0;0;0;0;0;0;0;0;0;0;0;0;0;0;0;0;0;189;3.2222222222222223;0.9822695035460997;
22;1;0;0;0;0;1;0;0;0;0;0;0;0;0;0;0;0;0;0;0;0;0;231;3.645021645021645;1.3343120647468492;
48;1;0;0;0;0;0;0;0;0;0;0;0;0;0;0;0;0;0;0;0;1;0;154;3.357142857142857;0.8323996265172738;
55;1;0;0;0;0;0;0;0;0;0;0;0;0;0;1;0;0;0;0;0;0;0;109;3.7247706422018347;1.2198436969079178;
29;2;0;1;0;0;0;0;0;0;0;0;0;0;0;0;0;0;0;0;0;0;0;57;2.789473684210526;1.4906015037593983;
43;2;0;0;0;0;0;0;0;0;0;0;0;0;0;0;0;0;0;0;0;0;1;33;3.8484848484848486;1.5075757575757576;
57;1;0;0;0;1;0;0;0;0;0;0;0;0;0;0;0;0;0;0;0;0;0;55;3.5272727272727273;1.0686868686868682;
22;1;0;0;0;0;1;0;0;0;0;0;0;0;0;0;0;0;0;0;0;0;0;135;3.7555555555555555;1.4099502487562183;
38;2;1;0;0;0;0;0;0;0;0;0;0;0;0;0;0;0;0;0;0;0;0;47;3.872340425531915;1.2007400555041627;
29;1;0;0;0;0;1;0;0;0;0;0;0;0;0;0;0;0;0;0;0;0;0;213;3.9530516431924885;1.2808043227920984;
21;2;0;0;0;0;0;0;0;0;0;0;0;0;0;0;0;0;0;0;1;0;0;129;3.0310077519379846;1.6396560077519386;
20;1;0;0;0;0;0;0;0;0;0;0;0;0;0;0;0;0;0;0;1;0;0;279;3.1792114695340503;0.8310770738248094;
26;1;0;0;0;0;0;0;0;0;0;0;0;0;0;0;0;0;0;0;0;0;1;149;3.2885906040268456;0.8553419191003079;
42;1;0;0;0;0;0;0;0;0;0;0;0;0;0;0;1;0;0;0;0;0;0;102;3.8627450980392157;1.0502814987381088;
28;1;1;0;0;0;0;0;0;0;0;0;0;0;0;0;0;0;0;0;0;0;0;225;3.3422222222222224;1.0296825396825415;
22;1;0;0;0;0;0;0;0;0;0;0;0;0;0;0;0;0;0;0;1;0;0;73;3.767123287671233;0.34779299847793;
22;1;0;0;0;0;0;0;0;0;0;0;0;0;0;0;0;0;0;0;1;0;0;37;3.108108108108108;1.2657657657657662;
50;2;0;0;0;0;0;0;0;0;0;0;0;0;0;0;0;0;0;0;0;0;1;160;4.01875;1.540526729559748;
40;2;0;0;0;0;0;0;0;0;0;0;0;0;0;0;0;0;0;0;0;0;1;251;3.6215139442231075;0.67617529880478;
27;2;0;0;0;0;0;0;0;0;0;0;0;0;0;1;0;0;0;0;0;0;0;112;3.3660714285714284;0.9909105534105527;
46;1;0;0;0;0;0;0;0;0;0;0;0;0;0;0;1;0;0;0;0;0;0;242;3.6735537190082646;1.1751483145296806;
18;2;0;0;0;0;0;0;0;0;0;0;0;0;0;0;0;0;0;0;0;0;1;58;4.724137931034483;0.5892316999395045;
27;1;0;0;0;0;0;0;0;0;0;0;0;1;0;0;0;0;0;0;0;0;0;87;3.8275862068965516;0.9582999198075381;
23;1;1;0;0;0;0;0;0;0;0;0;0;0;0;0;0;0;0;0;0;0;0;33;2.515151515151515;1.7575757575757567;
34;1;0;0;0;0;0;0;0;0;0;0;0;0;0;1;0;0;0;0;0;0;0;30;2.7666666666666666;1.2195402298850577;
22;1;0;0;0;0;0;0;0;0;0;0;0;0;0;0;0;0;0;0;1;0;0;24;3.75;1.2391304347826086;
29;1;0;0;0;0;0;0;0;0;0;0;0;0;0;1;0;0;0;0;0;0;0;21;4.333333333333333;0.7333333333333332;
43;1;1;0;0;0;0;0;0;0;0;0;0;0;0;0;0;0;0;0;0;0;0;22;4.363636363636363;0.528138528138528;
27;1;0;0;0;0;0;0;0;0;0;0;0;0;0;0;1;0;0;0;0;0;0;194;3.8402061855670104;0.7878051386143895;
53;1;0;0;0;0;0;0;0;0;0;0;0;1;0;0;0;0;0;0;0;0;0;40;3.0;0.8717948717948718;
53;2;0;0;0;0;0;0;0;0;0;0;1;0;0;0;0;0;0;0;0;0;0;21;4.095238095238095;0.5904761904761904;
24;1;0;0;0;0;0;0;0;0;0;0;0;0;0;0;0;0;0;0;1;0;0;37;3.2972972972972974;1.5480480480480487;
49;2;0;0;0;0;0;0;0;0;0;0;0;0;0;0;0;0;0;0;0;0;1;73;3.643835616438356;1.2047184170471843;
22;1;0;0;0;0;0;0;0;0;0;0;0;0;0;1;0;0;0;0;0;0;0;49;4.122448979591836;1.984693877551022;
62;1;0;0;0;0;0;0;0;1;0;0;0;0;0;0;0;0;0;0;0;0;0;23;3.4347826086956523;1.7114624505928853;
19;1;0;0;0;0;0;0;0;0;0;0;0;0;0;0;0;0;0;0;1;0;0;150;3.14;0.7520805369127502;
36;1;0;0;0;0;1;0;0;0;0;0;0;0;0;0;0;0;0;0;0;0;0;30;4.333333333333333;0.6436781609195402;
50;2;1;0;0;0;0;0;0;0;0;0;0;0;0;0;0;0;0;0;0;0;0;100;4.36;0.5155555555555561;
56;1;0;0;0;1;0;0;0;0;0;0;0;0;0;0;0;0;0;0;0;0;0;306;3.4934640522875817;1.1229079609986032;
27;2;1;0;0;0;0;0;0;0;0;0;0;0;0;0;0;0;0;0;0;0;0;54;3.2962962962962963;0.8162124388539483;
30;1;0;0;0;0;0;0;0;0;0;0;0;1;0;0;0;0;0;0;0;0;0;68;3.235294117647059;1.6154521510096564;
33;1;0;0;0;0;0;0;0;0;0;0;1;0;0;0;0;0;0;0;0;0;0;137;3.832116788321168;0.9054315156719621;
18;1;0;0;0;0;0;0;0;0;0;0;0;0;0;0;0;0;0;0;1;0;0;53;3.7169811320754715;1.1683599419448478;
47;2;1;0;0;0;0;0;0;0;0;0;0;0;0;0;0;0;0;0;0;0;0;43;3.604651162790698;0.768549280177187;
29;1;0;0;0;0;1;0;0;0;0;0;0;0;0;0;0;0;0;0;0;0;0;45;3.888888888888889;0.6010101010101008;
30;2;0;0;0;0;0;0;0;0;0;0;0;0;0;0;0;0;1;0;0;0;0;30;3.2333333333333334;2.7367816091954023;
20;1;0;0;0;0;0;0;0;0;0;0;0;0;0;0;0;0;0;0;1;0;0;274;4.12043795620438;0.9488115291034993;
43;1;0;0;0;0;0;0;0;0;0;0;1;0;0;0;0;0;0;0;0;0;0;260;3.3846153846153846;1.1179091179091167;
20;1;0;0;0;0;0;0;0;0;0;0;0;0;0;0;0;0;0;0;1;0;0;80;4.075;0.7284810126582275;
45;2;0;0;0;1;0;0;0;0;0;0;0;0;0;0;0;0;0;0;0;0;0;218;3.9357798165137616;0.7147507715723174;
38;1;0;0;0;0;1;0;0;0;0;0;0;0;0;0;0;0;0;0;0;0;0;163;3.871165644171779;0.9647807316518978;
36;1;0;0;0;0;1;0;0;0;0;0;0;0;0;0;0;0;0;0;0;0;0;490;2.8653061224489798;0.9470556320687764;
31;1;0;0;0;0;0;0;0;0;0;0;0;0;0;0;0;0;0;1;0;0;0;81;3.617283950617284;0.889197530864197;
53;2;1;0;0;0;0;0;0;0;0;0;0;0;0;0;0;0;0;0;0;0;0;56;3.982142857142857;0.8178571428571432;
28;1;0;0;0;0;1;0;0;0;0;0;0;0;0;0;0;0;0;0;0;0;0;63;3.7142857142857144;0.36866359447004576;
19;2;0;0;0;0;0;0;0;0;0;0;0;0;0;0;0;0;0;0;1;0;0;133;3.6240601503759398;1.251537935748463;
21;1;0;0;0;0;0;0;0;0;0;0;0;0;0;0;0;0;0;0;1;0;0;135;3.488888888888889;0.6398009950248765;
33;1;0;0;0;0;0;0;0;0;0;0;0;0;0;0;0;0;0;1;0;0;0;197;3.532994923857868;0.5256914948720605;
44;2;0;0;0;0;0;0;0;0;0;0;0;0;0;1;0;0;0;0;0;0;0;31;2.806451612903226;1.0279569892473122;
27;1;0;0;0;0;0;0;0;0;0;0;0;0;0;0;0;0;0;0;0;1;0;162;3.506172839506173;0.6862970631086569;
36;1;0;0;0;0;0;0;1;0;0;0;0;0;0;0;0;0;0;0;0;0;0;59;3.8983050847457625;1.2308591466978376;
50;1;0;0;0;1;0;0;0;0;0;0;0;0;0;0;0;0;0;0;0;0;0;23;3.652173913043478;1.055335968379447;
51;1;0;0;0;0;0;0;0;0;0;0;0;0;0;0;0;0;0;0;0;0;1;155;3.670967741935484;1.468956849602014;
42;1;0;0;0;0;0;0;0;0;0;0;0;0;0;0;0;0;0;1;0;0;0;25;3.72;0.7099999999999999;
16;2;0;0;0;0;0;0;0;0;0;0;0;0;0;0;0;0;0;0;1;0;0;40;3.675;1.4557692307692316;
25;1;0;0;0;0;0;0;0;0;0;0;0;0;0;0;1;0;0;0;0;0;0;334;3.802395209580838;1.81068493643344;
45;1;0;0;0;0;0;0;0;0;0;0;0;0;0;1;0;0;0;0;0;0;0;84;3.0952380952380953;0.3040734366035577;
58;1;0;0;0;1;0;0;0;0;0;0;0;0;0;0;0;0;0;0;0;0;0;100;4.17;0.6071717171717165;
32;1;0;0;0;0;0;0;0;0;0;0;0;0;0;0;0;0;0;1;0;0;0;114;3.5701754385964914;0.6189256326657349;
29;2;0;0;0;1;0;0;0;0;0;0;0;0;0;0;0;0;0;0;0;0;0;52;4.019230769230769;0.4898190045248868;
35;2;0;0;0;1;0;0;0;0;0;0;0;0;0;0;0;0;0;0;0;0;0;44;4.204545454545454;1.4223044397463;
30;2;0;0;0;0;0;0;0;0;0;0;0;0;0;0;0;0;0;0;0;0;1;53;3.7547169811320753;1.15021770682148;
56;2;0;0;0;0;0;0;0;0;0;0;0;0;0;0;0;0;0;0;0;0;1;20;4.2;0.6947368421052631;
69;1;0;0;0;0;0;0;1;0;0;0;0;0;0;0;0;0;0;0;0;0;0;76;3.5789473684210527;1.2070175438596489;
32;1;0;0;0;0;0;0;0;0;0;0;0;0;0;0;0;0;0;0;1;0;0;101;3.396039603960396;0.881584158415841;
23;1;0;0;0;0;1;0;0;0;0;0;0;0;0;0;0;0;0;0;0;0;0;357;3.0252100840336134;1.0190255877631922;
54;2;1;0;0;0;0;0;0;0;0;0;0;0;0;0;0;0;0;0;0;0;0;72;3.5416666666666665;2.1390845070422557;
39;2;0;0;0;0;0;0;0;0;0;0;1;0;0;0;0;0;0;0;0;0;0;30;3.7666666666666666;1.1505747126436783;
65;1;0;0;0;0;0;0;0;0;0;0;0;0;0;0;0;1;0;0;0;0;0;34;3.411764705882353;0.43137254901960775;
40;1;0;0;0;0;0;0;0;0;0;0;0;0;0;0;0;0;0;0;1;0;0;35;4.542857142857143;0.49075630252100866;
20;1;0;0;0;0;0;0;0;0;0;0;0;0;0;0;0;0;0;0;1;0;0;149;3.442953020134228;1.2348993288590622;
24;1;0;0;0;0;0;1;0;0;0;0;0;0;0;0;0;0;0;0;0;0;0;155;3.9548387096774196;0.9784666945957254;
39;1;0;0;0;1;0;0;0;0;0;0;0;0;0;0;0;0;0;0;0;0;0;81;3.3703703703703702;1.3111111111111107;
34;1;0;0;0;1;0;0;0;0;0;0;0;0;0;0;0;0;0;0;0;0;0;70;3.4857142857142858;0.8331262939958595;
26;1;0;0;0;1;0;0;0;0;0;0;0;0;0;0;0;0;0;0;0;0;0;22;2.6818181818181817;1.655844155844156;
34;1;0;1;0;0;0;0;0;0;0;0;0;0;0;0;0;0;0;0;0;0;0;20;3.45;0.5763157894736846;
51;1;0;0;0;1;0;0;0;0;0;0;0;0;0;0;0;0;0;0;0;0;0;20;3.25;1.355263157894737;
68;1;0;0;0;0;0;0;0;0;0;0;0;0;0;0;0;1;0;0;0;0;0;51;3.7450980392156863;0.39372549019607844;
56;1;0;0;0;1;0;0;0;0;0;0;0;0;0;0;0;0;0;0;0;0;0;46;3.5217391304347827;1.4106280193236718;
33;1;0;0;0;0;0;0;0;0;0;0;0;1;0;0;0;0;0;0;0;0;0;26;3.1538461538461537;2.135384615384616;
48;1;0;0;0;0;0;0;1;0;0;0;0;0;0;0;0;0;0;0;0;0;0;36;3.5277777777777777;0.7706349206349207;
36;2;0;0;0;0;0;0;0;0;0;0;0;0;0;0;0;0;0;0;1;0;0;188;3.8031914893617023;0.7043747866651476;
31;1;1;0;0;0;0;0;0;0;0;0;0;0;0;0;0;0;0;0;0;0;0;24;2.6666666666666665;1.1884057971014494;
32;1;0;0;0;1;0;0;0;0;0;0;0;0;0;0;0;0;0;0;0;0;0;74;3.472972972972973;0.8280266567937792;
16;1;0;0;0;0;0;0;0;0;0;0;0;0;0;0;0;0;0;0;1;0;0;47;3.5531914893617023;1.33950046253469;
37;1;0;0;0;0;0;0;0;0;0;0;0;0;0;1;0;0;0;0;0;0;0;28;4.035714285714286;0.9986772486772489;
17;1;0;0;0;0;0;0;0;0;0;0;0;0;0;0;0;0;0;0;1;0;0;62;3.274193548387097;1.3170280274986774;
44;1;0;0;0;0;1;0;0;0;0;0;0;0;0;0;0;0;0;0;0;0;0;27;4.444444444444445;0.48717948717948756;
25;1;0;0;0;0;0;0;0;0;0;0;0;0;0;0;0;0;0;0;1;0;0;24;3.5416666666666665;0.8677536231884058;
69;1;0;0;0;0;0;0;0;0;0;0;1;0;0;0;0;0;0;0;0;0;0;80;3.7375;0.8795886075949368;
20;1;0;0;0;0;0;0;0;0;0;0;0;0;0;0;0;0;0;0;1;0;0;166;3.325301204819277;0.7541438481197507;
26;1;0;0;0;0;0;0;0;0;0;0;0;0;0;1;0;0;0;0;0;0;0;98;2.9693877551020407;1.1021460130443916;
18;2;0;0;0;0;0;0;0;0;0;0;0;0;0;0;0;0;0;0;1;0;0;225;3.7422222222222223;1.4243253968253993;
21;1;0;0;0;0;0;0;0;0;0;1;0;0;0;0;0;0;0;0;0;0;0;43;3.441860465116279;2.2048726467331115;
50;1;0;0;0;1;0;0;0;0;0;0;0;0;0;0;0;0;0;0;0;0;0;48;3.5;1.4042553191489362;
57;2;0;0;0;0;0;0;0;0;0;0;1;0;0;0;0;0;0;0;0;0;0;84;3.6547619047619047;0.6143144004589796;
18;1;0;0;0;0;0;0;0;0;0;0;0;0;0;0;0;0;0;0;1;0;0;360;3.813888888888889;1.812062828845558;
31;2;0;0;0;1;0;0;0;0;0;0;0;0;0;0;0;0;0;0;0;0;0;156;3.608974358974359;1.168693134822167;
46;1;0;0;0;1;0;0;0;0;0;0;0;0;0;0;0;0;0;0;0;0;0;25;3.48;0.42666666666666675;
25;1;0;0;0;0;0;0;0;0;0;0;0;0;0;0;1;0;0;0;0;0;0;96;3.1979166666666665;1.1498903508771925;
20;1;0;1;0;0;0;0;0;0;0;0;0;0;0;0;0;0;0;0;0;0;0;20;3.6;0.7789473684210526;
23;1;0;0;0;0;0;0;0;0;0;0;0;0;0;1;0;0;0;0;0;0;0;41;3.6341463414634148;1.4378048780487804;
40;2;0;0;0;0;0;0;0;0;0;0;0;1;0;0;0;0;0;0;0;0;0;25;3.68;1.0599999999999998;
22;2;0;0;0;0;0;0;0;0;0;0;0;0;0;0;0;0;0;0;1;0;0;47;3.893617021276596;1.1840888066604995;
34;1;0;0;0;0;0;0;0;0;0;0;0;0;0;0;1;0;0;0;0;0;0;89;3.5842696629213484;1.0183861082737495;
19;2;0;1;0;0;0;0;0;0;0;0;0;0;0;0;0;0;0;0;0;0;0;148;3.081081081081081;1.734877734877737;
47;2;0;0;0;0;0;0;0;0;0;0;0;0;0;1;0;0;0;0;0;0;0;29;3.793103448275862;0.5985221674876847;
21;1;0;0;0;0;0;0;0;0;0;0;0;0;0;0;1;0;0;0;0;0;0;47;3.7872340425531914;1.2146160962072152;
39;1;0;0;0;1;0;0;0;0;0;0;0;0;0;0;0;0;0;0;0;0;0;27;3.2962962962962963;1.6011396011396015;
33;1;0;0;0;0;1;0;0;0;0;0;0;0;0;0;0;0;0;0;0;0;0;90;3.7555555555555555;1.4227215980024963;
28;1;0;0;0;0;0;0;0;0;0;0;0;0;0;0;1;0;0;0;0;0;0;236;3.9661016949152543;0.7818247385503033;
49;2;0;0;0;0;0;0;0;1;0;0;0;0;0;0;0;0;0;0;0;0;0;37;3.8378378378378377;0.472972972972973;
22;1;0;0;0;0;0;0;0;0;0;0;0;0;0;1;0;0;0;0;0;0;0;163;3.6748466257668713;1.529425130652127;
13;2;0;0;0;0;0;0;0;0;0;0;0;0;0;0;0;0;0;0;1;0;0;28;2.392857142857143;3.062169312169312;
22;1;0;0;0;0;0;0;0;0;0;0;0;0;0;0;0;0;0;0;1;0;0;75;3.7333333333333334;1.1441441441441431;
46;1;0;0;0;0;0;0;0;0;0;0;1;0;0;0;0;0;0;0;0;0;0;42;3.8333333333333335;1.215447154471545;
36;1;0;0;0;1;0;0;0;0;0;0;0;0;0;0;0;0;0;0;0;0;0;27;3.3703703703703702;0.9344729344729343;
37;2;0;0;0;0;0;0;0;0;0;0;0;1;0;0;0;0;0;0;0;0;0;28;4.321428571428571;0.7447089947089945;
54;1;0;0;0;1;0;0;0;0;0;0;0;0;0;0;0;0;0;0;0;0;0;39;3.128205128205128;1.219973009446693;
38;1;0;0;0;1;0;0;0;0;0;0;0;0;0;0;0;0;0;0;0;0;0;103;3.8640776699029127;1.1970302684180476;
55;1;0;0;0;0;0;0;0;0;0;0;0;0;0;0;0;0;0;1;0;0;0;43;3.627906976744186;0.6201550387596897;
27;2;0;0;0;0;0;0;0;0;0;0;0;0;0;0;0;0;0;0;0;0;1;108;2.6203703703703702;1.7891138802353772;
15;2;0;0;0;0;0;0;0;0;0;0;0;0;0;0;0;0;0;0;1;0;0;216;3.287037037037037;0.9590869939707143;
17;1;0;0;0;0;0;0;0;0;0;0;0;0;0;0;0;0;0;0;1;0;0;89;3.50561797752809;1.6164453524004083;
18;2;0;0;0;0;0;0;0;0;0;0;0;0;0;0;0;0;0;0;0;0;1;110;3.827272727272727;1.0249374478732267;
17;1;0;0;0;0;0;0;0;0;0;0;0;0;0;0;0;0;0;0;1;0;0;171;3.5497076023391814;1.1078087375301022;
25;1;0;0;0;0;0;0;0;0;0;0;0;0;0;0;1;0;0;0;0;0;0;228;3.3903508771929824;1.3051047221578156;
50;2;0;0;0;1;0;0;0;0;0;0;0;0;0;0;0;0;0;0;0;0;0;45;3.7333333333333334;1.109090909090909;
19;1;0;0;0;0;0;0;0;0;0;0;0;0;0;0;0;0;0;0;1;0;0;141;3.5319148936170213;0.5650455927051674;
27;1;0;0;0;0;0;0;0;0;0;0;0;0;0;0;1;0;0;0;0;0;0;106;3.4339622641509435;0.5336927223719675;
23;1;0;0;0;0;0;0;0;0;0;0;0;0;0;0;0;0;0;1;0;0;0;32;2.34375;2.3618951612903225;
24;1;0;0;0;0;1;0;0;0;0;0;0;0;0;0;0;0;0;0;0;0;0;181;3.292817679558011;1.1748925721301406;
13;1;0;0;0;0;0;0;0;0;0;0;0;0;1;0;0;0;0;0;0;0;0;27;4.703703703703703;0.5242165242165246;
46;2;0;0;0;0;0;0;0;0;0;0;0;0;0;1;0;0;0;0;0;0;0;121;4.082644628099174;0.9764462809917368;
26;2;0;0;0;0;0;0;0;1;0;0;0;0;0;0;0;0;0;0;0;0;0;108;3.324074074074074;1.1182935271720305;
18;2;0;0;0;0;0;0;0;0;0;0;0;0;0;0;0;0;0;0;1;0;0;20;3.1;0.8315789473684213;
18;1;0;0;0;0;0;0;0;0;0;0;0;0;0;0;0;0;0;0;1;0;0;118;3.6610169491525424;1.0465015210777922;
35;1;0;0;0;0;0;0;0;0;0;0;0;0;0;0;1;0;0;0;0;0;0;58;3.310344827586207;0.5686630369026012;
39;1;0;0;0;0;1;0;0;0;0;0;0;0;0;0;0;0;0;0;0;0;0;135;3.3703703703703702;0.9065782200110549;
22;1;0;0;0;0;0;0;0;0;0;0;0;0;0;1;0;0;0;0;0;0;0;34;3.264705882352941;1.1702317290552586;
47;1;0;0;0;1;0;0;0;0;0;0;0;0;0;0;0;0;0;0;0;0;0;20;4.45;0.6815789473684214;
30;1;0;0;0;0;0;0;0;0;0;0;0;0;0;1;0;0;0;0;0;0;0;104;2.4903846153846154;1.436799850634803;
45;1;0;0;0;0;1;0;0;0;0;0;0;0;0;0;0;0;0;0;0;0;0;67;3.537313432835821;1.070556309362279;
42;2;0;0;0;0;0;0;0;0;0;0;1;0;0;0;0;0;0;0;0;0;0;148;2.9594594594594597;1.30446773303916;
20;1;0;0;0;0;0;0;0;0;0;0;0;0;0;0;0;0;0;0;1;0;0;109;4.229357798165138;0.6598708800543667;
24;1;0;0;0;0;0;0;0;0;0;0;0;0;0;0;0;0;0;0;1;0;0;40;4.125;0.625;
18;2;0;0;0;0;0;0;0;0;0;0;0;0;0;0;0;0;0;0;1;0;0;318;3.6226415094339623;1.352419498839353;
39;1;0;0;0;0;0;0;0;0;0;0;0;0;0;0;0;0;0;1;0;0;0;206;3.737864077669903;0.6333885863130468;
51;1;0;0;0;0;0;0;0;0;0;0;0;0;0;0;0;1;0;0;0;0;0;42;4.0;0.3902439024390244;
27;1;0;0;0;0;0;0;0;0;0;0;0;0;0;0;1;0;0;0;0;0;0;122;3.959016393442623;0.7338436526215955;
17;2;0;0;0;0;0;0;0;0;0;0;0;0;0;0;0;0;0;0;1;0;0;38;2.9473684210526314;0.4836415362731154;
40;1;0;0;0;1;0;0;0;0;0;0;0;0;0;0;0;0;0;0;0;0;0;58;3.8275862068965516;0.4258923169993945;
43;1;0;0;0;0;1;0;0;0;0;0;0;0;0;0;0;0;0;0;0;0;0;297;3.259259259259259;1.6251251251251226;
20;1;0;0;0;0;0;0;0;0;0;0;0;0;0;0;0;0;0;0;1;0;0;24;3.7916666666666665;0.9547101449275364;
42;1;0;0;0;0;1;0;0;0;0;0;0;0;0;0;0;0;0;0;0;0;0;311;3.1543408360128615;0.6341665802302693;
65;1;0;0;0;0;0;0;0;0;0;0;0;0;0;0;0;1;0;0;0;0;0;21;3.2857142857142856;1.9142857142857141;
35;1;0;0;0;0;0;0;0;0;0;0;0;0;0;1;0;0;0;0;0;0;0;22;3.1363636363636362;1.075757575757576;
31;1;0;0;0;0;0;0;1;0;0;0;0;0;0;0;0;0;0;0;0;0;0;283;2.6925795053003534;1.3909731097912392;
27;2;0;0;0;0;0;0;0;0;0;0;0;0;0;0;0;0;0;0;1;0;0;147;3.687074829931973;1.189078371074458;
50;2;0;0;0;0;0;0;0;1;0;0;0;0;0;0;0;0;0;0;0;0;0;685;2.908029197080292;0.5368506424211437;
48;1;0;0;0;1;0;0;0;0;0;0;0;0;0;0;0;0;0;0;0;0;0;24;2.5416666666666665;1.2155797101449275;
26;2;0;0;0;0;0;0;0;0;0;0;0;0;1;0;0;0;0;0;0;0;0;29;3.2413793103448274;1.4753694581280796;
33;1;0;0;0;0;0;0;0;0;0;0;0;0;0;0;1;0;0;0;0;0;0;71;3.732394366197183;0.6559356136820921;
31;1;0;0;0;1;0;0;0;0;0;0;0;0;0;0;0;0;0;0;0;0;0;191;3.7905759162303663;0.7138054560484987;
26;1;0;0;0;0;0;0;0;0;0;0;0;0;0;0;0;0;0;0;1;0;0;224;2.5848214285714284;0.9434457078795632;
28;1;0;0;0;0;0;0;0;0;0;0;0;0;0;0;1;0;0;0;0;0;0;121;3.9173553719008263;0.8264462809917366;
55;1;0;0;0;0;0;0;0;0;0;0;1;0;0;0;0;0;0;0;0;0;0;23;3.869565217391304;0.9367588932806323;
26;1;0;0;0;0;0;0;0;0;0;0;0;0;0;1;0;0;0;0;0;0;0;158;3.5316455696202533;0.8238329436426659;
30;1;0;0;0;0;1;0;0;0;0;0;0;0;0;0;0;0;0;0;0;0;0;166;3.746987951807229;0.8810514786418403;
25;1;1;0;0;0;0;0;0;0;0;0;0;0;0;0;0;0;0;0;0;0;0;142;3.4788732394366195;0.6059334731795021;
44;1;1;0;0;0;0;0;0;0;0;0;0;0;0;0;0;0;0;0;0;0;0;245;3.6653061224489796;0.6252258280361334;
35;1;0;0;0;0;0;0;0;0;0;0;1;0;0;0;0;0;0;0;0;0;0;47;3.9574468085106385;1.0416281221091577;
29;2;0;0;0;0;0;0;0;0;0;0;0;0;0;0;0;0;0;0;0;0;1;46;3.5217391304347827;1.0995169082125607;
37;1;0;0;0;0;0;0;0;0;0;0;0;0;0;1;0;0;0;0;0;0;0;100;3.38;1.3692929292929288;
30;1;0;0;0;0;0;0;0;0;0;0;0;0;0;0;0;0;0;0;0;1;0;46;3.847826086956522;1.0652173913043477;
21;1;0;0;0;0;0;0;0;0;0;0;0;0;0;0;1;0;0;0;0;0;0;124;3.5806451612903225;1.3349068974560694;
54;2;1;0;0;0;0;0;0;0;0;0;0;0;0;0;0;0;0;0;0;0;0;29;3.2413793103448274;1.2610837438423648;
51;1;0;0;0;1;0;0;0;0;0;0;0;0;0;0;0;0;0;0;0;0;0;35;3.8857142857142857;0.9865546218487395;
13;2;0;0;0;0;0;0;0;0;0;0;0;0;0;0;0;0;0;0;1;0;0;41;3.658536585365854;0.980487804878049;
34;1;0;0;0;0;0;0;0;0;0;0;0;0;0;1;0;0;0;0;0;0;0;34;3.7058823529411766;1.8502673796791445;
30;1;0;0;0;0;0;0;0;0;0;0;0;0;0;0;1;0;0;0;0;0;0;77;3.5844155844155843;2.1408065618591943;
20;1;0;0;0;0;0;0;0;0;0;0;0;0;0;1;0;0;0;0;0;0;0;49;3.5918367346938775;1.9132653061224503;
50;1;0;0;0;1;0;0;0;0;0;0;0;0;0;0;0;0;0;0;0;0;0;28;3.4285714285714284;0.994708994708995;
20;2;0;0;0;0;0;0;0;0;0;0;0;0;0;0;0;0;0;0;1;0;0;62;3.661290322580645;0.9489687995769441;
33;1;0;0;0;0;0;0;0;0;0;1;0;0;0;0;0;0;0;0;0;0;0;38;4.0;0.5945945945945946;
44;2;0;0;0;0;0;0;0;0;0;0;0;1;0;0;0;0;0;0;0;0;0;22;3.227272727272727;2.1839826839826837;
23;1;0;0;0;0;0;0;0;0;0;0;0;0;0;0;1;0;0;0;0;0;0;399;3.137844611528822;1.0286898149897385;
42;1;0;0;0;0;0;0;0;0;0;0;1;0;0;0;0;0;0;0;0;0;0;75;3.2266666666666666;1.042522522522522;
28;1;0;0;0;0;0;0;0;0;0;0;0;0;0;0;0;0;0;0;1;0;0;86;3.488372093023256;0.8645690834473326;
32;2;0;0;0;0;0;0;0;0;0;0;1;0;0;0;0;0;0;0;0;0;0;20;2.05;0.5763157894736842;
32;1;0;0;0;1;0;0;0;0;0;0;0;0;0;0;0;0;0;0;0;0;0;71;4.563380281690141;0.7637826961770621;
31;2;0;0;0;0;0;0;0;1;0;0;0;0;0;0;0;0;0;0;0;0;0;21;3.4761904761904763;0.7619047619047618;
37;2;1;0;0;0;0;0;0;0;0;0;0;0;0;0;0;0;0;0;0;0;0;24;4.833333333333333;0.40579710144927583;
25;1;0;0;0;0;0;0;0;0;0;0;0;0;0;1;0;0;0;0;0;0;0;36;3.8333333333333335;1.5142857142857145;
35;1;0;0;0;0;0;0;0;0;0;0;0;0;0;0;0;0;1;0;0;0;0;115;3.1478260869565218;1.1621662852784131;
34;1;0;0;0;1;0;0;0;0;0;0;0;0;0;0;0;0;0;0;0;0;0;32;4.21875;1.3377016129032258;
34;1;0;0;0;0;1;0;0;0;0;0;0;0;0;0;0;0;0;0;0;0;0;40;3.275;0.7685897435897435;
43;2;0;0;0;0;0;0;0;1;0;0;0;0;0;0;0;0;0;0;0;0;0;154;3.1363636363636362;0.9159239453357105;
60;1;0;0;0;0;0;0;0;0;0;0;0;0;0;0;1;0;0;0;0;0;0;157;4.1528662420382165;0.412379552506941;
26;1;0;0;0;0;0;0;0;0;0;0;0;0;0;0;0;0;0;0;0;0;1;38;3.289473684210526;1.7247510668563304;
55;1;0;0;0;0;0;0;0;0;0;0;0;0;0;1;0;0;0;0;0;0;0;29;3.9310344827586206;1.4950738916256159;
25;1;0;0;0;0;0;0;0;0;0;0;0;0;0;1;0;0;0;0;0;0;0;105;3.7142857142857144;1.6098901098901086;
28;2;0;0;0;0;0;0;0;0;0;0;0;0;0;0;1;0;0;0;0;0;0;127;2.84251968503937;1.2765904261967267;
44;1;0;0;0;0;0;0;0;0;0;0;0;0;0;1;0;0;0;0;0;0;0;149;3.1476510067114094;0.5456194449483039;
17;1;0;0;0;0;0;0;0;0;0;0;0;0;0;0;0;0;0;0;1;0;0;21;3.6666666666666665;0.5333333333333333;
51;2;0;0;0;0;0;0;0;0;0;0;1;0;0;0;0;0;0;0;0;0;0;33;4.212121212121212;0.5473484848484849;
37;1;0;0;0;0;0;0;0;0;0;0;0;0;0;1;0;0;0;0;0;0;0;31;2.4516129032258065;2.3225806451612896;
26;1;0;0;0;1;0;0;0;0;0;0;0;0;0;0;0;0;0;0;0;0;0;47;3.5319148936170213;1.123959296947272;
51;2;0;0;0;0;0;0;0;0;0;0;1;0;0;0;0;0;0;0;0;0;0;90;3.7777777777777777;1.0511860174781509;
21;2;0;0;0;0;0;0;0;0;0;0;0;0;0;0;0;0;0;0;1;0;0;114;3.710526315789474;1.2871448532836516;
23;1;0;0;0;0;0;0;0;0;0;0;0;0;0;0;0;0;0;0;1;0;0;29;3.310344827586207;1.4359605911330047;
56;2;0;0;0;0;0;0;0;0;0;0;1;0;0;0;0;0;0;0;0;0;0;236;3.4957627118644066;1.0510457987738901;
26;2;0;0;0;0;0;0;0;0;1;0;0;0;0;0;0;0;0;0;0;0;0;105;3.2;1.6038461538461535;
21;1;0;0;0;0;0;0;0;0;0;0;0;0;0;1;0;0;0;0;0;0;0;138;3.572463768115942;1.020258119115626;
19;1;0;0;0;0;0;0;0;0;0;0;0;0;0;0;0;0;0;0;1;0;0;86;3.697674418604651;0.6604651162790691;
22;2;0;0;0;0;0;0;0;0;0;0;0;0;0;0;0;0;0;0;1;0;0;221;3.8597285067873304;1.0393253805018525;
22;2;0;0;0;0;0;0;0;0;0;0;0;0;0;0;0;0;0;0;1;0;0;162;3.765432098765432;0.8266237251744499;
42;2;0;0;0;0;0;0;0;0;0;0;0;0;0;1;0;0;0;0;0;0;0;30;2.966666666666667;0.7919540229885058;
26;1;0;0;0;0;1;0;0;0;0;0;0;0;0;0;0;0;0;0;0;0;0;44;3.522727272727273;1.0924947145877382;
21;1;0;0;0;0;0;0;0;0;0;0;0;0;0;0;0;0;0;0;0;1;0;167;3.3832335329341316;1.129355746338647;
36;2;1;0;0;0;0;0;0;0;0;0;0;0;0;0;0;0;0;0;0;0;0;269;3.8884758364312266;1.0845308772124558;
24;1;0;0;0;0;0;0;0;0;0;0;0;0;0;0;0;0;0;0;0;1;0;93;3.7096774193548385;1.273492286115006;
42;1;0;0;0;0;0;0;0;0;0;0;0;0;0;0;0;0;0;0;0;1;0;39;3.6923076923076925;1.1133603238866394;
37;2;0;0;0;0;0;0;0;0;0;0;0;0;0;1;0;0;0;0;0;0;0;67;3.1044776119402986;1.4586160108548176;
49;2;1;0;0;0;0;0;0;0;0;0;0;0;0;0;0;0;0;0;0;0;0;30;3.966666666666667;0.5850574712643679;
24;2;0;0;0;0;0;1;0;0;0;0;0;0;0;0;0;0;0;0;0;0;0;168;3.5357142857142856;1.0406330196749374;
50;2;0;0;0;0;0;0;0;0;1;0;0;0;0;0;0;0;0;0;0;0;0;42;3.619047619047619;0.680603948896632;
26;1;0;0;0;0;0;0;1;0;0;0;0;0;0;0;0;0;0;0;0;0;0;22;3.272727272727273;0.8744588744588746;
31;1;0;0;0;0;0;0;1;0;0;0;0;0;0;0;0;0;0;0;0;0;0;85;2.164705882352941;1.7344537815126015;
21;1;0;0;0;0;0;0;0;0;0;0;0;0;0;0;0;0;0;0;1;0;0;25;3.8;0.9166666666666666;
25;2;1;0;0;0;0;0;0;0;0;0;0;0;0;0;0;0;0;0;0;0;0;24;3.0;1.6521739130434783;
25;1;0;0;0;0;0;0;0;0;0;0;0;0;0;0;0;0;0;0;1;0;0;322;3.0372670807453415;1.064027398850639;
58;1;0;0;0;0;0;0;1;0;0;0;0;0;0;0;0;0;0;0;0;0;0;26;3.576923076923077;0.5738461538461539;
19;1;0;0;0;0;0;0;0;0;0;0;0;0;0;0;0;0;0;0;1;0;0;21;2.857142857142857;1.528571428571429;
31;2;0;0;0;0;0;0;0;0;0;0;0;0;0;0;0;0;0;1;0;0;0;38;3.236842105263158;1.3748221906116633;
41;2;0;0;0;1;0;0;0;0;0;0;0;0;0;0;0;0;0;0;0;0;0;83;3.3855421686746987;2.0690567146635326;
28;2;0;0;0;0;0;0;0;0;0;0;0;0;0;1;0;0;0;0;0;0;0;20;3.7;1.9052631578947365;
44;2;0;0;0;0;0;0;0;0;0;0;0;0;0;1;0;0;0;0;0;0;0;107;3.02803738317757;1.1218479985893122;
25;2;0;0;0;0;0;0;0;0;0;0;0;0;0;1;0;0;0;0;0;0;0;64;3.609375;1.0354662698412698;
29;2;0;0;0;0;0;0;0;1;0;0;0;0;0;0;0;0;0;0;0;0;0;53;3.3207547169811322;0.9528301886792447;
48;2;0;0;0;0;0;0;0;0;0;0;0;0;0;0;0;0;0;0;0;0;1;24;3.0;2.0;
30;1;0;0;0;0;0;0;0;0;0;0;0;0;0;0;1;0;0;0;0;0;0;33;3.9696969696969697;1.0303030303030303;
35;1;0;0;0;0;0;0;0;0;0;0;0;0;0;0;0;0;0;0;0;1;0;148;3.675675675675676;0.6968192682478402;
35;1;0;0;0;0;0;0;0;0;0;0;0;0;0;0;0;0;0;0;0;1;0;35;3.6;2.36470588235294;
25;2;0;0;0;1;0;0;0;0;0;0;0;0;0;0;0;0;0;0;0;0;0;20;3.4;0.9894736842105264;
25;1;0;0;0;0;0;0;0;0;0;0;0;0;0;0;0;0;0;0;0;0;1;104;3.4615384615384617;1.0858849887976096;
35;1;0;0;0;0;0;0;0;0;0;0;0;0;0;0;0;0;0;0;1;0;0;26;3.4615384615384617;1.2184615384615378;
31;1;0;0;0;0;0;0;0;0;0;0;0;0;0;0;1;0;0;0;0;0;0;35;3.6857142857142855;1.2218487394957989;
35;1;0;0;0;0;0;0;0;0;0;0;0;1;0;0;0;0;0;0;0;0;0;27;3.8518518518518516;0.7464387464387465;
42;1;0;0;0;0;0;0;0;0;0;0;0;0;0;0;0;0;0;0;0;0;1;60;3.1;1.6847457627118645;
25;1;0;0;0;0;1;0;0;0;0;0;0;0;0;0;0;0;0;0;0;0;0;67;3.6417910447761193;1.0212573496155581;
19;1;0;0;0;0;0;0;0;0;0;0;0;0;0;1;0;0;0;0;0;0;0;293;4.054607508532423;1.2846790406283621;
28;1;1;0;0;0;0;0;0;0;0;0;0;0;0;0;0;0;0;0;0;0;0;108;3.7222222222222223;0.6137071651090343;
33;1;0;0;0;0;0;0;0;0;0;0;0;0;0;1;0;0;0;0;0;0;0;305;3.622950819672131;0.9132873166522837;
28;1;1;0;0;0;0;0;0;0;0;0;0;0;0;0;0;0;0;0;0;0;0;33;3.090909090909091;1.085227272727273;
24;2;0;0;0;0;0;0;0;0;0;0;0;0;0;1;0;0;0;0;0;0;0;168;3.5416666666666665;1.1479540918163678;
60;1;0;0;0;0;0;0;0;0;0;0;0;0;0;0;0;1;0;0;0;0;0;73;3.2054794520547945;1.471080669710807;
56;1;0;0;0;0;0;0;0;0;0;0;0;0;0;0;0;0;1;0;0;0;0;57;3.5964912280701755;1.4235588972431084;
59;2;0;0;0;0;0;0;0;0;0;0;1;0;0;0;0;0;0;0;0;0;0;34;3.3823529411764706;0.7887700534759357;
44;2;0;0;0;1;0;0;0;0;0;0;0;0;0;0;0;0;0;0;0;0;0;38;3.1052631578947367;1.6102418207681375;
30;2;0;0;0;0;0;0;0;0;0;0;0;0;1;0;0;0;0;0;0;0;0;109;3.1926605504587156;0.9717974855589536;
26;1;0;0;0;0;0;0;0;0;0;0;0;0;0;0;0;0;0;0;1;0;0;166;3.3674698795180724;0.5853596202993796;
27;1;0;0;0;0;0;0;0;0;0;0;0;0;0;0;0;0;0;0;1;0;0;357;3.876750700280112;1.0521826708211373;
20;2;0;0;0;0;0;0;0;0;0;0;0;0;0;0;0;0;0;0;1;0;0;32;4.0625;0.8991935483870968;
35;2;0;0;0;0;0;0;0;0;0;0;0;0;0;1;0;0;0;0;0;0;0;41;3.2439024390243905;1.4390243902439024;
17;1;0;0;0;0;0;0;0;0;0;0;0;0;0;0;0;0;0;0;1;0;0;66;2.8484848484848486;2.0382284382284386;
32;1;1;0;0;0;0;0;0;0;0;0;0;0;0;0;0;0;0;0;0;0;0;21;3.0476190476190474;2.8476190476190473;
27;1;0;0;0;0;0;0;0;0;0;0;0;0;0;0;0;0;0;1;0;0;0;129;3.7829457364341086;0.7806443798449614;
27;2;0;0;0;1;0;0;0;0;0;0;0;0;0;0;0;0;0;0;0;0;0;109;3.688073394495413;0.7721712538226297;
31;1;0;0;0;0;0;0;0;0;0;0;0;0;0;0;0;0;0;0;1;0;0;23;4.086956521739131;1.2648221343873522;
42;1;0;0;0;0;0;0;0;0;0;0;0;0;0;1;0;0;0;0;0;0;0;175;3.354285714285714;0.701346469622333;
70;1;0;0;0;0;1;0;0;0;0;0;0;0;0;0;0;0;0;0;0;0;0;37;4.4324324324324325;0.3078078078078079;
29;1;1;0;0;0;0;0;0;0;0;0;0;0;0;0;0;0;0;0;0;0;0;64;3.265625;1.3410218253968254;
39;1;0;0;0;0;0;0;1;0;0;0;0;0;0;0;0;0;0;0;0;0;0;29;3.0689655172413794;1.0665024630541868;
28;1;0;0;0;0;0;0;0;0;0;0;0;0;0;0;0;0;0;0;1;0;0;64;4.296875;0.7517361111111112;
26;1;0;0;0;0;0;0;0;0;0;0;0;0;0;0;0;0;0;0;1;0;0;70;3.7142857142857144;1.8012422360248421;
50;1;0;0;0;0;0;0;0;0;0;0;0;0;0;0;0;0;0;0;0;0;1;33;4.0;0.6875;
20;1;0;0;0;0;0;0;0;0;0;0;0;0;0;0;0;0;0;0;1;0;0;161;3.279503105590062;1.4401397515527947;
30;1;0;0;0;0;0;0;0;0;0;0;0;0;0;0;0;0;0;0;1;0;0;224;2.0580357142857144;1.3015494875080111;
46;1;0;0;0;0;0;0;1;0;0;0;0;0;0;0;0;0;0;0;0;0;0;28;3.7857142857142856;0.6190476190476191;
30;1;0;0;0;0;0;0;0;0;0;0;1;0;0;0;0;0;0;0;0;0;0;105;3.466666666666667;1.2512820512820515;
63;1;0;0;0;0;0;0;0;0;0;0;0;0;0;0;1;0;0;0;0;0;0;36;4.055555555555555;1.5396825396825402;
34;1;0;0;0;0;0;0;0;0;0;0;0;0;0;0;0;0;0;0;1;0;0;65;2.953846153846154;1.5134615384615375;
31;1;0;0;0;0;0;0;0;0;0;0;0;0;0;0;0;0;0;0;1;0;0;37;3.918918918918919;0.5765765765765767;
49;1;0;0;0;0;0;0;0;0;0;0;0;0;0;0;1;0;0;0;0;0;0;55;3.8727272727272726;1.1872053872053872;
20;1;0;0;0;0;0;0;0;0;0;0;0;0;0;0;0;0;0;0;1;0;0;42;3.7857142857142856;1.6358885017421598;
21;2;0;1;0;0;0;0;0;0;0;0;0;0;0;0;0;0;0;0;0;0;0;232;2.788793103448276;0.7733803552769078;
30;1;0;0;0;0;0;0;0;0;0;0;0;1;0;0;0;0;0;0;0;0;0;30;3.8666666666666667;0.740229885057471;
47;1;1;0;0;0;0;0;0;0;0;0;0;0;0;0;0;0;0;0;0;0;0;39;3.8461538461538463;0.4493927125506071;
32;1;0;0;0;0;1;0;0;0;0;0;0;0;0;0;0;0;0;0;0;0;0;27;3.7037037037037037;0.6780626780626784;
36;2;0;0;0;0;1;0;0;0;0;0;0;0;0;0;0;0;0;0;0;0;0;117;3.871794871794872;0.7851458885941641;
18;2;0;0;0;0;0;0;0;0;0;0;0;0;0;0;0;0;0;0;1;0;0;57;3.1403508771929824;1.1228070175438594;
51;1;1;0;0;0;0;0;0;0;0;0;0;0;0;0;0;0;0;0;0;0;0;249;3.3413654618473894;0.8225158699313371;
29;1;0;0;0;0;0;0;0;0;0;0;0;0;0;1;0;0;0;0;0;0;0;33;3.6666666666666665;1.1041666666666665;
27;1;0;0;0;0;0;0;0;0;0;0;0;0;0;0;0;0;0;0;0;1;0;231;3.017316017316017;0.9823075475249408;
31;1;0;0;0;1;0;0;0;0;0;0;0;0;0;0;0;0;0;0;0;0;0;25;3.8;1.2500000000000002;
40;1;0;0;0;0;0;0;0;0;0;0;0;0;0;0;1;0;0;0;0;0;0;47;3.127659574468085;0.7224791859389457;
22;1;0;0;0;0;0;0;0;0;0;0;0;0;0;0;0;0;0;0;1;0;0;55;3.5090909090909093;0.587878787878788;
32;1;0;0;0;1;0;0;0;0;0;0;0;0;0;0;0;0;0;0;0;0;0;39;4.3076923076923075;0.5344129554655873;
30;1;0;0;0;0;0;0;0;0;0;0;0;0;0;0;1;0;0;0;0;0;0;159;3.1320754716981134;0.7862431335084779;
32;2;0;0;0;0;0;0;0;0;0;0;0;0;0;0;0;0;0;0;0;0;1;358;3.600558659217877;1.1145094909472217;
44;2;0;0;0;0;0;0;0;0;0;0;0;0;0;1;0;0;0;0;0;0;0;26;2.6538461538461537;1.515384615384616;
40;2;0;0;0;0;0;0;0;0;0;0;0;0;0;0;0;0;0;0;0;0;1;239;3.3263598326359833;0.867831651489046;
49;2;1;0;0;0;0;0;0;0;0;0;0;0;0;0;0;0;0;0;0;0;0;24;4.0;0.6956521739130435;
25;1;0;0;0;0;0;0;0;0;0;0;0;0;0;0;1;0;0;0;0;0;0;28;3.75;0.4166666666666667;
22;1;0;0;0;0;0;0;0;0;0;0;0;0;0;0;0;0;0;0;0;0;1;26;4.038461538461538;1.3184615384615386;
35;1;1;0;0;0;0;0;0;0;0;0;0;0;0;0;0;0;0;0;0;0;0;75;3.493333333333333;0.9290090090090093;
70;1;1;0;0;0;0;0;0;0;0;0;0;0;0;0;0;0;0;0;0;0;0;33;3.090909090909091;2.0852272727272734;
39;1;0;0;0;1;0;0;0;0;0;0;0;0;0;0;0;0;0;0;0;0;0;332;3.6656626506024095;0.6461889855494495;
27;2;0;0;0;0;0;0;0;0;0;0;0;0;0;1;0;0;0;0;0;0;0;273;3.347985347985348;1.4703727644904117;
27;1;0;0;0;0;0;0;0;0;0;0;0;1;0;0;0;0;0;0;0;0;0;140;3.642857142857143;0.9362795477903392;
41;2;0;0;0;0;0;0;0;1;0;0;0;0;0;0;0;0;0;0;0;0;0;204;3.892156862745098;0.6878199555684364;
45;1;0;0;0;0;0;0;0;0;0;0;0;0;0;0;0;0;1;0;0;0;0;23;4.130434782608695;1.027667984189723;
50;2;0;0;0;0;0;0;0;0;0;0;0;1;0;0;0;0;0;0;0;0;0;20;3.45;1.6289473684210527;
55;2;0;0;0;0;0;0;0;0;0;0;0;0;0;1;0;0;0;0;0;0;0;26;4.423076923076923;0.493846153846154;
40;2;0;0;0;1;0;0;0;0;0;0;0;0;0;0;0;0;0;0;0;0;0;21;4.142857142857143;0.8285714285714288;
22;1;0;0;0;0;0;0;0;0;0;0;0;0;0;0;0;0;0;0;0;1;0;20;3.5;1.5263157894736843;
14;2;0;0;0;0;0;0;0;0;0;0;0;0;0;0;0;0;0;0;1;0;0;29;2.793103448275862;1.6699507389162567;
30;1;0;0;0;0;0;0;0;0;0;0;0;0;0;1;0;0;0;0;0;0;0;35;2.9714285714285715;0.4991596638655462;
32;1;0;0;0;0;0;0;0;0;0;0;0;0;0;1;0;0;0;0;0;0;0;183;3.7431693989071038;1.2908184711463404;
34;1;0;0;0;0;0;0;0;0;0;0;0;0;0;1;0;0;0;0;0;0;0;25;3.84;0.7233333333333336;
19;1;0;0;0;0;0;0;0;0;0;0;0;0;0;0;0;0;0;0;1;0;0;36;3.361111111111111;0.808730158730159;
28;1;0;0;0;0;0;0;0;0;0;0;1;0;0;0;0;0;0;0;0;0;0;21;3.4761904761904763;1.5619047619047621;
59;1;1;0;0;0;0;0;0;0;0;0;0;0;0;0;0;0;0;0;0;0;0;28;4.071428571428571;1.031746031746031;
22;1;0;0;0;0;0;0;0;0;0;0;0;0;0;0;0;0;0;0;1;0;0;21;3.0;1.8;
37;1;0;0;0;0;1;0;0;0;0;0;0;0;0;0;0;0;0;0;0;0;0;62;4.338709677419355;0.7522474881015344;
29;2;0;0;0;0;0;0;0;0;0;0;1;0;0;0;0;0;0;0;0;0;0;25;3.12;1.0266666666666666;
27;1;0;1;0;0;0;0;0;0;0;0;0;0;0;0;0;0;0;0;0;0;0;185;4.005405405405406;0.8641010575793184;
31;1;0;0;0;0;0;0;0;0;0;0;0;0;0;1;0;0;0;0;0;0;0;20;2.6;0.8842105263157893;
44;1;0;0;0;0;1;0;0;0;0;0;0;0;0;0;0;0;0;0;0;0;0;145;3.613793103448276;1.1553639846743302;
28;1;0;1;0;0;0;0;0;0;0;0;0;0;0;0;0;0;0;0;0;0;0;115;3.8260869565217392;0.6887871853546901;
23;2;0;0;0;0;1;0;0;0;0;0;0;0;0;0;0;0;0;0;0;0;0;28;3.25;0.4166666666666667;
28;1;0;0;0;0;0;0;0;0;0;0;1;0;0;0;0;0;0;0;0;0;0;104;3.1153846153846154;1.1710231516056755;
48;1;0;0;0;0;0;0;0;0;0;0;0;0;0;0;0;0;0;0;0;0;1;64;3.546875;0.6644345238095238;
46;1;0;0;0;0;0;0;0;0;0;0;0;0;0;0;1;0;0;0;0;0;0;106;3.7452830188679247;1.3535489667565135;
21;1;0;0;0;0;0;0;0;0;0;0;0;0;0;1;0;0;0;0;0;0;0;73;3.5205479452054793;1.3641552511415511;
24;1;0;0;0;0;0;0;0;0;0;0;0;0;0;0;0;0;0;0;0;1;0;25;2.96;0.6233333333333333;
34;1;0;0;0;0;0;0;0;0;0;0;0;0;0;0;0;0;0;0;0;0;1;267;3.056179775280899;1.6096139224465689;
26;1;0;0;0;0;0;0;0;0;0;0;0;0;0;1;0;0;0;0;0;0;0;54;3.925925925925926;0.862334032145353;
44;2;0;0;0;0;0;0;1;0;0;0;0;0;0;0;0;0;0;0;0;0;0;102;4.147058823529412;0.6415259172976113;
44;1;0;1;0;0;0;0;0;0;0;0;0;0;0;0;0;0;0;0;0;0;0;50;3.86;1.5106122448979584;
36;2;0;1;0;0;0;0;0;0;0;0;0;0;0;0;0;0;0;0;0;0;0;46;3.0434782608695654;1.6869565217391305;
23;1;0;0;0;0;0;0;0;0;0;0;0;0;0;0;0;0;0;0;1;0;0;93;4.118279569892473;0.5184665731650296;
38;2;0;0;0;0;0;1;0;0;0;0;0;0;0;0;0;0;0;0;0;0;0;57;3.192982456140351;1.265664160401002;
39;1;0;1;0;0;0;0;0;0;0;0;0;0;0;0;0;0;0;0;0;0;0;197;4.137055837563452;0.669895369315237;
45;1;0;0;1;0;0;0;0;0;0;0;0;0;0;0;0;0;0;0;0;0;0;31;3.903225806451613;1.0903225806451613;
40;1;0;0;0;0;0;0;0;0;0;0;0;0;0;0;0;0;0;0;0;0;1;27;3.740740740740741;1.43019943019943;
35;1;0;0;0;0;0;0;0;0;0;0;1;0;0;0;0;0;0;0;0;0;0;204;2.735294117647059;0.6685018835120243;
22;1;0;0;0;0;1;0;0;0;0;0;0;0;0;0;0;0;0;0;0;0;0;81;3.506172839506173;0.7030864197530867;
64;1;0;0;1;0;0;0;0;0;0;0;0;0;0;0;0;0;0;0;0;0;0;31;3.129032258064516;1.182795698924731;
27;1;0;0;0;0;0;0;0;0;0;1;0;0;0;0;0;0;0;0;0;0;0;405;3.740740740740741;1.093509350935091;
29;1;0;0;0;0;0;0;0;0;0;0;0;0;0;0;0;0;0;0;1;0;0;146;3.0342465753424657;1.3436466698157772;
46;1;0;0;0;0;1;0;0;0;0;0;0;0;0;0;0;0;0;0;0;0;0;150;4.286666666666667;1.1454586129753912;
15;2;0;0;0;0;0;0;0;0;0;0;0;0;0;0;0;0;0;0;1;0;0;23;4.869565217391305;0.11857707509881422;
34;1;0;0;0;0;0;0;0;0;0;0;0;0;0;0;0;0;0;0;0;1;0;51;4.529411764705882;0.9741176470588248;
18;1;0;0;0;0;0;0;0;0;0;0;0;0;0;1;0;0;0;0;0;0;0;209;3.45933014354067;1.2399245491350732;
46;1;1;0;0;0;0;0;0;0;0;0;0;0;0;0;0;0;0;0;0;0;0;49;3.4693877551020407;0.6709183673469382;
49;1;0;0;0;0;0;0;0;0;0;0;0;0;0;0;0;0;0;0;0;0;1;41;2.975609756097561;1.1743902439024392;
29;2;0;0;0;0;0;0;0;0;0;0;0;0;0;0;0;0;0;0;1;0;0;217;3.2119815668202767;1.0659668885475344;
53;1;0;0;0;0;0;0;0;0;0;0;1;0;0;0;0;0;0;0;0;0;0;23;3.347826086956522;0.4189723320158102;
43;2;0;0;0;0;0;0;0;0;0;0;0;1;0;0;0;0;0;0;0;0;0;26;3.423076923076923;1.2938461538461536;
35;2;1;0;0;0;0;0;0;0;0;0;0;0;0;0;0;0;0;0;0;0;0;22;3.272727272727273;2.1125541125541125;
63;1;0;0;0;1;0;0;0;0;0;0;0;0;0;0;0;0;0;0;0;0;0;21;3.4285714285714284;1.0571428571428572;
18;2;0;0;0;0;0;0;0;0;0;0;0;0;0;1;0;0;0;0;0;0;0;39;3.8461538461538463;0.8178137651821862;
70;2;0;0;0;0;0;0;0;0;0;0;0;0;0;0;0;1;0;0;0;0;0;71;3.23943661971831;0.7561368209255539;
38;2;0;0;0;0;0;0;0;0;0;0;0;0;0;0;0;0;0;0;1;0;0;43;4.0;1.0476190476190477;
25;1;0;0;0;0;0;0;1;0;0;0;0;0;0;0;0;0;0;0;0;0;0;165;4.363636363636363;0.635254988913526;
17;1;0;0;0;0;0;0;0;0;0;0;0;0;0;0;0;0;0;0;1;0;0;107;3.121495327102804;1.9567977429024885;
27;1;0;0;0;0;0;0;0;0;0;0;0;0;0;0;1;0;0;0;0;0;0;294;3.82312925170068;0.8696338603700852;
25;1;0;1;0;0;0;0;0;0;0;0;0;0;0;0;0;0;0;0;0;0;0;66;2.287878787878788;2.331235431235431;
45;1;0;0;0;0;0;0;0;0;0;0;0;0;0;1;0;0;0;0;0;0;0;20;2.7;1.0631578947368423;
24;1;0;0;0;0;0;0;0;0;0;0;0;0;0;0;0;0;0;1;0;0;0;95;4.2631578947368425;0.9406494960806263;
21;1;0;0;0;0;0;0;0;0;0;0;0;0;0;0;1;0;0;0;0;0;0;208;2.951923076923077;1.814102564102564;
30;1;0;0;0;0;0;0;0;0;0;0;0;0;0;0;0;0;0;0;1;0;0;47;2.872340425531915;1.679000925069379;
22;1;0;0;0;0;0;0;0;0;0;0;0;0;0;0;0;0;0;0;1;0;0;269;3.453531598513011;0.9502580036619889;
31;1;0;0;0;0;0;0;1;0;0;0;0;0;0;0;0;0;0;0;0;0;0;115;3.4956521739130433;0.8486651411136522;
19;2;0;0;0;0;0;0;0;0;0;0;0;0;0;0;0;0;0;0;1;0;0;71;3.380281690140845;0.8390342052313873;
48;2;1;0;0;0;0;0;0;0;0;0;0;0;0;0;0;0;0;0;0;0;0;20;2.9;1.5684210526315792;
36;1;0;0;0;0;0;0;0;0;0;0;0;0;0;0;0;0;0;1;0;0;0;34;3.823529411764706;0.5739750445632797;
24;2;0;0;0;0;0;0;0;0;0;0;0;0;0;0;0;0;0;0;1;0;0;89;4.191011235955056;0.6335546475995902;
41;1;0;0;0;0;0;0;0;0;0;0;0;0;0;1;0;0;0;0;0;0;0;21;4.190476190476191;0.6619047619047619;
30;1;0;0;0;0;0;0;0;0;0;0;0;0;0;1;0;0;0;0;0;0;0;81;3.8271604938271606;0.7697530864197526;
50;2;0;0;0;1;0;0;0;0;0;0;0;0;0;0;0;0;0;0;0;0;0;134;3.2686567164179103;1.2205139714959048;
33;2;1;0;0;0;0;0;0;0;0;0;0;0;0;0;0;0;0;0;0;0;0;29;3.689655172413793;0.7931034482758621;
13;1;0;0;0;0;0;0;0;0;0;0;0;0;0;0;0;0;0;0;1;0;0;368;3.426630434782609;0.9646294870276019;
39;1;0;0;0;0;0;0;0;0;0;0;0;1;0;0;0;0;0;0;0;0;0;259;3.3204633204633205;1.389153272874206;
35;1;0;0;0;0;1;0;0;0;0;0;0;0;0;0;0;0;0;0;0;0;0;137;4.0510948905109485;1.019428939458996;
49;1;0;0;0;0;0;0;0;0;0;0;1;0;0;0;0;0;0;0;0;0;0;268;3.925373134328358;0.8108893733579284;
44;1;0;0;0;0;1;0;0;0;0;0;0;0;0;0;0;0;0;0;0;0;0;43;3.7209302325581395;1.444075304540421;
30;2;0;0;0;0;0;0;0;0;0;0;0;0;0;1;0;0;0;0;0;0;0;102;3.3137254901960786;1.00951271597748;
20;1;0;0;0;0;0;0;0;0;0;0;0;0;0;0;0;0;0;0;1;0;0;240;3.3625;1.269717573221757;
14;2;0;0;0;0;0;0;0;0;0;0;0;0;0;0;0;0;0;0;1;0;0;171;3.9239766081871346;1.8588923288613681;
41;1;0;0;0;0;0;0;0;0;0;0;0;0;0;0;0;0;0;1;0;0;0;20;4.3;0.3263157894736842;
24;1;0;0;0;0;0;0;0;0;0;0;0;0;0;0;0;0;0;0;0;1;0;326;3.4355828220858897;0.7512222746578586;
32;1;0;0;0;0;0;0;0;0;0;0;0;0;0;0;0;0;0;0;1;0;0;119;3.857142857142857;1.2590799031477;
51;2;1;0;0;0;0;0;0;0;0;0;0;0;0;0;0;0;0;0;0;0;0;47;4.127659574468085;0.7224791859389457;
36;1;0;0;0;0;0;0;0;0;0;0;0;0;0;1;0;0;0;0;0;0;0;226;4.0;0.8088888888888889;
25;1;0;0;0;0;0;0;0;0;0;0;0;0;0;0;0;0;0;0;1;0;0;59;3.4237288135593222;0.765634132086498;
47;1;0;0;0;1;0;0;0;0;0;0;0;0;0;0;0;0;0;0;0;0;0;245;3.636734693877551;0.5191368350618936;
31;2;0;0;0;0;0;0;0;0;0;0;1;0;0;0;0;0;0;0;0;0;0;20;3.75;0.9342105263157895;
28;1;0;0;0;0;0;0;0;0;0;0;0;0;0;0;0;0;0;0;0;0;1;362;2.9806629834254146;1.3209546838891313;
30;1;0;0;0;0;0;0;0;0;0;0;0;0;0;1;0;0;0;0;0;0;0;185;3.962162162162162;0.9822561692126905;
23;1;0;0;0;0;0;0;0;0;1;0;0;0;0;0;0;0;0;0;0;0;0;30;3.5;1.0862068965517242;
32;1;0;0;0;0;0;0;0;0;0;0;0;0;0;1;0;0;0;0;0;0;0;135;3.525925925925926;1.0720840243228298;
60;1;0;0;0;0;0;0;0;0;0;0;0;0;0;0;0;1;0;0;0;0;0;45;2.5555555555555554;1.207070707070707;
38;1;0;0;0;0;0;0;1;0;0;0;0;0;0;0;0;0;0;0;0;0;0;124;3.8548387096774195;1.1494885916601103;
45;2;0;1;0;0;0;0;0;0;0;0;0;0;0;0;0;0;0;0;0;0;0;49;3.4489795918367347;1.2525510204081634;
28;1;0;0;0;1;0;0;0;0;0;0;0;0;0;0;0;0;0;0;0;0;0;136;3.8529411764705883;1.000435729847494;
17;2;0;0;0;0;0;0;0;0;0;0;0;0;0;0;0;0;0;0;1;0;0;47;3.74468085106383;0.8029602220166508;
27;1;0;0;0;0;0;0;0;0;0;0;0;0;0;1;0;0;0;0;0;0;0;40;3.275;0.6147435897435897;
45;1;0;0;0;0;0;0;0;0;0;0;1;0;0;0;0;0;0;0;0;0;0;41;3.8048780487804876;0.5109756097560979;
25;2;0;0;0;0;0;0;0;0;0;0;0;0;0;1;0;0;0;0;0;0;0;147;4.571428571428571;0.4657534246575342;
44;2;0;0;0;0;0;0;0;0;0;0;1;0;0;0;0;0;0;0;0;0;0;74;3.554054054054054;0.4970381340244355;
50;2;0;0;0;1;0;0;0;0;0;0;0;0;0;0;0;0;0;0;0;0;0;26;4.346153846153846;0.6353846153846154;
28;1;0;0;0;0;0;0;0;1;0;0;0;0;0;0;0;0;0;0;0;0;0;60;3.1666666666666665;1.1920903954802258;
37;2;0;0;0;0;0;0;0;0;0;0;0;0;0;0;0;0;0;0;0;0;1;98;3.806122448979592;0.9001683147485791;
51;1;0;0;0;0;0;0;0;0;0;0;0;0;0;1;0;0;0;0;0;0;0;53;3.811320754716981;0.925253991291727;
27;1;0;0;0;0;0;0;0;0;0;0;0;0;0;0;0;0;0;0;1;0;0;132;3.522727272727273;1.2742886884108258;
44;2;0;0;0;0;0;0;0;0;0;0;0;0;0;1;0;0;0;0;0;0;0;23;3.0869565217391304;1.6284584980237151;
50;1;0;0;0;0;0;1;0;0;0;0;0;0;0;0;0;0;0;0;0;0;0;26;3.1153846153846154;0.9061538461538463;
27;1;0;0;0;0;1;0;0;0;0;0;0;0;0;0;0;0;0;0;0;0;0;317;3.365930599369085;0.7960507926366623;
22;2;0;0;0;0;0;0;0;0;0;0;0;0;0;0;0;0;0;0;1;0;0;35;3.5428571428571427;1.3731092436974788;
40;1;0;0;0;0;0;0;0;0;0;0;0;0;0;0;0;0;0;1;0;0;0;103;3.349514563106796;1.2099752522368186;
25;1;0;0;0;0;0;0;0;0;0;0;0;0;0;1;0;0;0;0;0;0;0;217;3.4700460829493087;0.9354412015702304;
30;2;0;1;0;0;0;0;0;0;0;0;0;0;0;0;0;0;0;0;0;0;0;26;3.230769230769231;0.6646153846153848;
20;2;0;0;0;0;0;0;0;0;0;0;0;0;0;0;0;0;0;0;1;0;0;110;3.272727272727273;1.2827356130108414;
29;2;1;0;0;0;0;0;0;0;0;0;0;0;0;0;0;0;0;0;0;0;0;127;3.37007874015748;1.0444944381952257;
21;1;0;0;0;0;0;0;0;0;0;0;0;0;0;0;0;0;0;0;1;0;0;74;4.148648648648648;0.4844502036282856;
29;1;0;0;0;0;0;0;0;0;0;0;0;0;0;1;0;0;0;0;0;0;0;82;3.7560975609756095;0.6805179162902741;
18;2;0;0;0;0;0;0;0;0;0;0;0;0;0;0;0;0;1;0;0;0;0;32;3.125;0.8225806451612904;
49;1;0;0;0;0;0;1;0;0;0;0;0;0;0;0;0;0;0;0;0;0;0;20;3.3;0.8526315789473684;
23;1;0;0;0;0;0;0;0;0;0;0;0;0;0;0;1;0;0;0;0;0;0;120;3.691666666666667;1.3074929971988796;
21;1;0;0;0;0;0;0;0;0;0;0;0;0;0;0;0;0;0;0;1;0;0;32;4.6875;0.4798387096774194;
44;1;0;0;0;0;0;0;0;0;0;0;0;0;0;0;0;0;0;1;0;0;0;49;3.693877551020408;1.0085034013605445;
28;2;0;0;0;0;0;0;0;0;0;0;0;0;0;0;0;0;0;1;0;0;0;63;2.9682539682539684;1.2570404505888364;
60;1;0;0;0;1;0;0;0;0;0;0;0;0;0;0;0;0;0;0;0;0;0;61;3.721311475409836;0.8043715846994531;
58;1;0;0;0;1;0;0;0;0;0;0;0;0;0;0;0;0;0;0;0;0;0;241;3.966804979253112;0.9572268326417709;
28;1;0;0;0;0;0;0;0;0;0;0;0;0;0;0;0;0;0;0;1;0;0;184;2.6467391304347827;1.4319018769303882;
61;1;0;0;0;0;1;0;0;0;0;0;0;0;0;0;0;0;0;0;0;0;0;174;3.7011494252873565;0.9390738156933104;
42;1;0;0;1;0;0;0;0;0;0;0;0;0;0;0;0;0;0;0;0;0;0;39;3.923076923076923;0.7570850202429149;
24;1;0;0;0;0;0;0;0;0;0;0;0;0;0;1;0;0;0;0;0;0;0;142;3.7464788732394365;0.9281790030965935;
48;1;0;0;0;1;0;0;0;0;0;0;0;0;0;0;0;0;0;0;0;0;0;40;3.375;1.4711538461538463;
38;2;0;0;0;0;0;0;0;0;0;0;0;0;0;0;0;0;0;0;0;1;0;108;3.2685185185185186;1.5440463828314301;
26;2;0;0;0;0;0;0;0;0;0;0;0;0;0;0;0;0;0;0;1;0;0;49;4.26530612244898;0.9489795918367344;
32;1;1;0;0;0;0;0;0;0;0;0;0;0;0;0;0;0;0;0;0;0;0;107;3.457943925233645;1.0241579968259562;
20;1;0;0;0;0;0;0;0;0;0;0;0;0;0;0;0;0;0;0;1;0;0;22;4.045454545454546;0.8073593073593075;
48;2;0;0;0;0;0;0;0;0;0;0;1;0;0;0;0;0;0;0;0;0;0;79;4.265822784810126;0.5822784810126576;
22;1;0;0;0;0;0;0;0;0;0;0;0;0;0;0;0;0;0;0;1;0;0;168;3.4107142857142856;1.584794696321643;